25,2,200,2472
0.0,18.7,20.6,16.1,18.1,15.1,19.0,16.0,18.1,20.1,16.8,19.6,38.1,30.8,39.4,36.1,40.3,33.3,35.4,39.1,10.0,10.2,12.2,13.0,15.0,15.1
18.7,0.0,2.0,3.6,3.0,4.2,5.1,5.4,7.0,7.3,10.2,10.0,26.2,24.0,28.6,27.7,30.2,27.9,30.8,32.3,23.4,21.9,23.3,21.4,26.9,25.6
20.6,2.0,0.0,5.0,3.6,5.8,5.1,6.4,7.3,7.0,10.8,10.0,25.0,23.5,27.5,26.9,29.2,27.5,30.4,31.6,25.0,23.4,24.8,22.7,28.3,26.9
16.1,3.6,5.0,0.0,2.0,1.0,3.6,2.0,4.5,5.7,7.0,7.6,25.5,21.9,27.6,26.1,29.1,25.6,28.5,30.4,20.0,18.4,19.8,17.8,23.3,22.0
18.1,3.0,3.6,2.0,0.0,3.0,2.2,2.8,4.0,4.5,7.3,7.1,24.0,21.2,26.2,25.1,27.8,25.0,27.9,29.5,21.6,20.0,21.3,19.1,24.8,23.3
15.1,4.2,5.8,1.0,3.0,0.0,4.5,2.2,5.0,6.4,7.1,8.1,26.2,22.4,28.3,26.6,29.7,26.0,28.8,30.9,19.2,17.7,19.1,17.2,22.7,21.4
19.0,5.1,5.1,3.6,2.2,4.5,0.0,3.0,2.2,2.2,5.8,5.0,21.9,19.0,24.1,22.8,25.6,22.8,25.7,27.3,21.5,19.7,20.8,18.4,24.2,22.7
16.0,5.4,6.4,2.0,2.8,2.2,3.0,0.0,2.8,4.5,5.0,5.8,24.2,20.1,26.2,24.4,27.6,23.8,26.6,28.7,18.9,17.2,18.4,16.3,21.9,20.5
18.1,7.0,7.3,4.5,4.0,5.0,2.2,2.8,0.0,2.0,3.6,3.2,21.4,17.5,23.3,21.6,24.8,21.2,24.0,25.9,19.7,17.9,18.9,16.4,22.2,20.6
20.1,7.3,7.0,5.7,4.5,6.4,2.2,4.5,2.0,0.0,5.0,3.2,19.8,16.8,21.9,20.6,23.4,20.6,23.5,25.1,21.5,19.7,20.6,18.0,23.9,22.2
16.8,10.2,10.8,7.0,7.3,7.1,5.8,5.0,3.6,5.0,0.0,3.0,21.5,15.8,23.0,20.5,24.2,19.2,21.9,24.4,16.8,14.9,15.7,13.0,18.9,17.2
19.6,10.0,10.0,7.6,7.1,8.1,5.0,5.8,3.2,3.2,3.0,0.0,18.9,14.3,20.6,18.6,21.9,18.0,20.9,22.8,19.6,17.7,18.4,15.7,21.5,19.7
38.1,26.2,25.0,25.5,24.0,26.2,21.9,24.2,21.4,19.8,21.5,18.9,0.0,10.4,3.0,7.1,5.0,12.2,14.1,11.2,35.4,33.4,33.1,30.1,35.0,33.0
30.8,24.0,23.5,21.9,21.2,22.4,19.0,20.1,17.5,16.8,15.8,14.3,10.4,0.0,10.0,5.4,10.2,4.0,7.0,8.6,26.2,24.4,23.8,20.9,25.2,23.2
39.4,28.6,27.5,27.6,26.2,28.3,24.1,26.2,23.3,21.9,23.0,20.6,3.0,10.0,0.0,5.4,2.0,10.8,12.2,8.6,35.9,34.0,33.5,30.6,35.1,33.1
36.1,27.7,26.9,26.1,25.1,26.6,22.8,24.4,21.6,20.6,20.5,18.6,7.1,5.4,5.4,0.0,5.0,5.4,7.1,5.0,31.6,29.7,29.1,26.2,30.4,28.4
40.3,30.2,29.2,29.1,27.8,29.7,25.6,27.6,24.8,23.4,24.2,21.9,5.0,10.2,2.0,5.0,0.0,10.2,11.2,7.1,36.4,34.5,34.0,31.0,35.4,33.4
33.3,27.9,27.5,25.6,25.0,26.0,22.8,23.8,21.2,20.6,19.2,18.0,12.2,4.0,10.8,5.4,10.2,0.0,3.0,5.8,27.7,25.9,25.1,22.4,26.0,24.0
35.4,30.8,30.4,28.5,27.9,28.8,25.7,26.6,24.0,23.5,21.9,20.9,14.1,7.0,12.2,7.1,11.2,3.0,0.0,5.0,29.2,27.5,26.4,23.9,26.9,25.1
39.1,32.3,31.6,30.4,29.5,30.9,27.3,28.7,25.9,25.1,24.4,22.8,11.2,8.6,8.6,5.0,7.1,5.8,5.0,0.0,33.5,31.8,30.9,28.2,31.6,29.7
10.0,23.4,25.0,20.0,21.6,19.2,21.5,18.9,19.7,21.5,16.8,19.6,35.4,26.2,35.9,31.6,36.4,27.7,29.2,33.5,0.0,2.0,2.8,5.4,5.0,5.4
10.2,21.9,23.4,18.4,20.0,17.7,19.7,17.2,17.9,19.7,14.9,17.7,33.4,24.4,34.0,29.7,34.5,25.9,27.5,31.8,2.0,0.0,2.0,3.6,5.4,5.0
12.2,23.3,24.8,19.8,21.3,19.1,20.8,18.4,18.9,20.6,15.7,18.4,33.1,23.8,33.5,29.1,34.0,25.1,26.4,30.9,2.8,2.0,0.0,3.0,3.6,3.0
13.0,21.4,22.7,17.8,19.1,17.2,18.4,16.3,16.4,18.0,13.0,15.7,30.1,20.9,30.6,26.2,31.0,22.4,23.9,28.2,5.4,3.6,3.0,0.0,5.8,4.2
15.0,26.9,28.3,23.3,24.8,22.7,24.2,21.9,22.2,23.9,18.9,21.5,35.0,25.2,35.1,30.4,35.4,26.0,26.9,31.6,5.0,5.4,3.6,5.8,0.0,2.0
15.1,25.6,26.9,22.0,23.3,21.4,22.7,20.5,20.6,22.2,17.2,19.7,33.0,23.2,33.1,28.4,33.4,24.0,25.1,29.7,5.4,5.0,3.0,4.2,2.0,0.0
1,0,967,10,90,1,2472,0.4
2,0,870,30,90,1,2472,0.3
3,0,146,10,90,1,2472,1.8
4,0,782,10,90,1,2472,1.3
5,0,67,10,90,1,2472,1.0
6,0,702,20,90,1,2472,0.2
7,0,225,20,90,1,2472,1.1
8,0,324,20,90,1,2472,0.9
9,0,605,10,90,1,2472,1.8
10,0,410,10,90,1,2472,0.7
11,0,505,10,90,1,2472,1.1
12,0,721,20,90,1,2472,1.2
13,0,92,30,90,1,2472,1.5
14,0,620,10,90,1,2472,0.1
15,0,429,40,90,1,2472,1.3
16,0,528,40,90,1,2472,1.3
17,0,148,20,90,1,2472,1.8
18,0,254,20,90,1,2472,1.0
19,0,345,10,90,1,2472,0.2
20,0,73,10,90,1,2472,0.2
21,0,965,20,90,1,2472,0.3
22,0,883,20,90,1,2472,0.4
23,0,777,10,90,1,2472,1.5
24,0,144,10,90,1,2472,1.8
25,0,224,40,90,1,2472,0.6
