25,2,100,2472
0.0,37.4,41.2,32.2,36.2,30.2,38.0,32.0,36.2,40.2,33.6,39.2,76.2,61.6,78.8,72.2,80.6,66.6,70.8,78.2,20.0,20.4,24.4,26.0,30.0,30.2
37.4,0.0,4.0,7.2,6.0,8.4,10.2,10.8,14.0,14.6,20.4,20.0,52.4,48.0,57.2,55.4,60.4,55.8,61.6,64.6,46.8,43.8,46.6,42.8,53.8,51.2
41.2,4.0,0.0,10.0,7.2,11.6,10.2,12.8,14.6,14.0,21.6,20.0,50.0,47.0,55.0,53.8,58.4,55.0,60.8,63.2,50.0,46.8,49.6,45.4,56.6,53.8
32.2,7.2,10.0,0.0,4.0,2.0,7.2,4.0,9.0,11.4,14.0,15.2,51.0,43.8,55.2,52.2,58.2,51.2,57.0,60.8,40.0,36.8,39.6,35.6,46.6,44.0
36.2,6.0,7.2,4.0,0.0,6.0,4.4,5.6,8.0,9.0,14.6,14.2,48.0,42.4,52.4,50.2,55.6,50.0,55.8,59.0,43.2,40.0,42.6,38.2,49.6,46.6
30.2,8.4,11.6,2.0,6.0,0.0,9.0,4.4,10.0,12.8,14.2,16.2,52.4,44.8,56.6,53.2,59.4,52.0,57.6,61.8,38.4,35.4,38.2,34.4,45.4,42.8
38.0,10.2,10.2,7.2,4.4,9.0,0.0,6.0,4.4,4.4,11.6,10.0,43.8,38.0,48.2,45.6,51.2,45.6,51.4,54.6,43.0,39.4,41.6,36.8,48.4,45.4
32.0,10.8,12.8,4.0,5.6,4.4,6.0,0.0,5.6,9.0,10.0,11.6,48.4,40.2,52.4,48.8,55.2,47.6,53.2,57.4,37.8,34.4,36.8,32.6,43.8,41.0
36.2,14.0,14.6,9.0,8.0,10.0,4.4,5.6,0.0,4.0,7.2,6.4,42.8,35.0,46.6,43.2,49.6,42.4,48.0,51.8,39.4,35.8,37.8,32.8,44.4,41.2
40.2,14.6,14.0,11.4,9.0,12.8,4.4,9.0,4.0,0.0,10.0,6.4,39.6,33.6,43.8,41.2,46.8,41.2,47.0,50.2,43.0,39.4,41.2,36.0,47.8,44.4
33.6,20.4,21.6,14.0,14.6,14.2,11.6,10.0,7.2,10.0,0.0,6.0,43.0,31.6,46.0,41.0,48.4,38.4,43.8,48.8,33.6,29.8,31.4,26.0,37.8,34.4
39.2,20.0,20.0,15.2,14.2,16.2,10.0,11.6,6.4,6.4,6.0,0.0,37.8,28.6,41.2,37.2,43.8,36.0,41.8,45.6,39.2,35.4,36.8,31.4,43.0,39.4
76.2,52.4,50.0,51.0,48.0,52.4,43.8,48.4,42.8,39.6,43.0,37.8,0.0,20.8,6.0,14.2,10.0,24.4,28.2,22.4,70.8,66.8,66.2,60.2,70.0,66.0
61.6,48.0,47.0,43.8,42.4,44.8,38.0,40.2,35.0,33.6,31.6,28.6,20.8,0.0,20.0,10.8,20.4,8.0,14.0,17.2,52.4,48.8,47.6,41.8,50.4,46.4
78.8,57.2,55.0,55.2,52.4,56.6,48.2,52.4,46.6,43.8,46.0,41.2,6.0,20.0,0.0,10.8,4.0,21.6,24.4,17.2,71.8,68.0,67.0,61.2,70.2,66.2
72.2,55.4,53.8,52.2,50.2,53.2,45.6,48.8,43.2,41.2,41.0,37.2,14.2,10.8,10.8,0.0,10.0,10.8,14.2,10.0,63.2,59.4,58.2,52.4,60.8,56.8
80.6,60.4,58.4,58.2,55.6,59.4,51.2,55.2,49.6,46.8,48.4,43.8,10.0,20.4,4.0,10.0,0.0,20.4,22.4,14.2,72.8,69.0,68.0,62.0,70.8,66.8
66.6,55.8,55.0,51.2,50.0,52.0,45.6,47.6,42.4,41.2,38.4,36.0,24.4,8.0,21.6,10.8,20.4,0.0,6.0,11.6,55.4,51.8,50.2,44.8,52.0,48.0
70.8,61.6,60.8,57.0,55.8,57.6,51.4,53.2,48.0,47.0,43.8,41.8,28.2,14.0,24.4,14.2,22.4,6.0,0.0,10.0,58.4,55.0,52.8,47.8,53.8,50.2
78.2,64.6,63.2,60.8,59.0,61.8,54.6,57.4,51.8,50.2,48.8,45.6,22.4,17.2,17.2,10.0,14.2,11.6,10.0,0.0,67.0,63.6,61.8,56.4,63.2,59.4
20.0,46.8,50.0,40.0,43.2,38.4,43.0,37.8,39.4,43.0,33.6,39.2,70.8,52.4,71.8,63.2,72.8,55.4,58.4,67.0,0.0,4.0,5.6,10.8,10.0,10.8
20.4,43.8,46.8,36.8,40.0,35.4,39.4,34.4,35.8,39.4,29.8,35.4,66.8,48.8,68.0,59.4,69.0,51.8,55.0,63.6,4.0,0.0,4.0,7.2,10.8,10.0
24.4,46.6,49.6,39.6,42.6,38.2,41.6,36.8,37.8,41.2,31.4,36.8,66.2,47.6,67.0,58.2,68.0,50.2,52.8,61.8,5.6,4.0,0.0,6.0,7.2,6.0
26.0,42.8,45.4,35.6,38.2,34.4,36.8,32.6,32.8,36.0,26.0,31.4,60.2,41.8,61.2,52.4,62.0,44.8,47.8,56.4,10.8,7.2,6.0,0.0,11.6,8.4
30.0,53.8,56.6,46.6,49.6,45.4,48.4,43.8,44.4,47.8,37.8,43.0,70.0,50.4,70.2,60.8,70.8,52.0,53.8,63.2,10.0,10.8,7.2,11.6,0.0,4.0
30.2,51.2,53.8,44.0,46.6,42.8,45.4,41.0,41.2,44.4,34.4,39.4,66.0,46.4,66.2,56.8,66.8,48.0,50.2,59.4,10.8,10.0,6.0,8.4,4.0,0.0
1,0,1450.5,10,90,1,2472,6.1
2,0,1305.0,30,90,1,2472,5.3
3,0,219.0,10,90,1,2472,7.6
4,0,1173.0,10,90,1,2472,6.3
5,0,100.5,10,90,1,2472,6.8
6,0,1053.0,20,90,1,2472,4.0
7,0,337.5,20,90,1,2472,6.1
8,0,486.0,20,90,1,2472,4.2
9,0,907.5,10,90,1,2472,6.3
10,0,615.0,10,90,1,2472,6.5
11,0,757.5,10,90,1,2472,5.9
12,0,1081.5,20,90,1,2472,4.6
13,0,138.0,30,90,1,2472,4.5
14,0,930.0,10,90,1,2472,5.6
15,0,643.5,40,90,1,2472,7.2
16,0,792.0,40,90,1,2472,4.5
17,0,222.0,20,90,1,2472,6.1
18,0,381.0,20,90,1,2472,7.8
19,0,517.5,10,90,1,2472,6.7
20,0,109.5,10,90,1,2472,4.3
21,0,1447.5,20,90,1,2472,7.0
22,0,1324.5,20,90,1,2472,6.7
23,0,1165.5,10,90,1,2472,7.8
24,0,216.0,10,90,1,2472,7.4
25,0,336.0,40,90,1,2472,4.1
