25,2,200,6780
0.0,27.7,20.6,29.1,25.6,15.1,25.3,26.9,11.7,23.3,16.8,19.6,38.1,30.8,39.4,36.1,40.3,33.3,35.4,39.1,10.0,11.7,12.2,30.5,15.0,24.1
27.7,0.0,8.6,11.7,12.0,14.1,48.8,7.8,23.4,24.5,19.2,18.0,28.8,30.0,31.6,32.4,33.5,34.0,37.0,37.3,33.3,29.1,33.2,39.1,36.8,31.3
20.6,8.6,0.0,17.0,15.5,5.8,40.3,13.0,14.9,17.0,10.8,10.0,25.0,23.5,27.5,26.9,29.2,27.5,30.4,31.6,25.0,20.5,24.8,31.3,28.3,23.3
29.1,11.7,17.0,0.0,3.6,20.4,53.3,4.1,29.4,34.0,27.2,27.0,40.3,40.4,43.1,43.4,44.9,44.4,47.4,48.3,37.2,34.5,38.0,48.1,41.6,40.1
25.6,12.0,15.5,3.6,0.0,18.0,50.1,4.5,26.7,32.2,25.0,25.2,39.8,39.1,42.5,42.4,44.3,43.0,45.9,47.1,34.0,31.6,34.9,46.0,38.5,38.0
15.1,14.1,5.8,20.4,18.0,0.0,34.7,16.8,9.4,14.9,7.1,8.1,26.2,22.4,28.3,26.6,29.7,26.0,28.8,30.9,19.2,15.0,19.1,28.0,22.7,20.0
25.3,48.8,40.3,53.3,50.1,34.7,0.0,50.5,25.5,30.5,30.6,33.0,43.9,33.5,43.4,38.2,43.2,33.1,33.0,38.0,16.1,19.8,15.6,24.1,12.0,24.7
26.9,7.8,13.0,4.1,4.5,16.8,50.5,0.0,26.0,30.0,23.3,23.0,36.2,36.3,39.0,39.3,40.9,40.3,43.3,44.1,34.4,31.3,35.0,44.2,38.6,36.2
11.7,23.4,14.9,29.4,26.7,9.4,25.5,26.0,0.0,11.7,6.1,9.1,26.6,19.2,27.7,24.4,28.7,21.9,24.2,27.6,10.8,5.7,10.0,20.9,13.5,13.4
23.3,24.5,17.0,34.0,32.2,14.9,30.5,30.0,11.7,0.0,8.1,7.1,15.3,7.8,16.2,12.8,17.0,11.2,13.9,16.4,20.1,14.1,18.0,14.6,20.2,7.2
16.8,19.2,10.8,27.2,25.0,7.1,30.6,23.3,6.1,8.1,0.0,3.0,21.5,15.8,23.0,20.5,24.2,19.2,21.9,24.4,16.8,11.2,15.7,21.0,18.9,13.0
19.6,18.0,10.0,27.0,25.2,8.1,33.0,23.0,9.1,7.1,3.0,0.0,18.9,14.3,20.6,18.6,21.9,18.0,20.9,22.8,19.6,13.9,18.4,21.2,21.5,13.3
38.1,28.8,25.0,40.3,39.8,26.2,43.9,36.2,26.6,15.3,21.5,18.9,0.0,10.4,3.0,7.1,5.0,12.2,14.1,11.2,35.4,29.4,33.1,22.0,35.0,19.2
30.8,30.0,23.5,40.4,39.1,22.4,33.5,36.3,19.2,7.8,15.8,14.3,10.4,0.0,10.0,5.4,10.2,4.0,7.0,8.6,26.2,20.6,23.8,12.0,25.2,9.0
39.4,31.6,27.5,43.1,42.5,28.3,43.4,39.0,27.7,16.2,23.0,20.6,3.0,10.0,0.0,5.4,2.0,10.8,12.2,8.6,35.9,30.1,33.5,20.6,35.1,19.0
36.1,32.4,26.9,43.4,42.4,26.6,38.2,39.3,24.4,12.8,20.5,18.6,7.1,5.4,5.4,0.0,5.0,5.4,7.1,5.0,31.6,26.0,29.1,15.2,30.4,14.1
40.3,33.5,29.2,44.9,44.3,29.7,43.2,40.9,28.7,17.0,24.2,21.9,5.0,10.2,2.0,5.0,0.0,10.2,11.2,7.1,36.4,30.7,34.0,19.9,35.4,19.1
33.3,34.0,27.5,44.4,43.0,26.0,33.1,40.3,21.9,11.2,19.2,18.0,12.2,4.0,10.8,5.4,10.2,0.0,3.0,5.8,27.7,22.5,25.1,9.8,26.0,9.8
35.4,37.0,30.4,47.4,45.9,28.8,33.0,43.3,24.2,13.9,21.9,20.9,14.1,7.0,12.2,7.1,11.2,3.0,0.0,5.0,29.2,24.2,26.4,9.1,26.9,11.4
39.1,37.3,31.6,48.3,47.1,30.9,38.0,44.1,27.6,16.4,24.4,22.8,11.2,8.6,8.6,5.0,7.1,5.8,5.0,0.0,33.5,28.3,30.9,14.0,31.6,15.7
10.0,33.3,25.0,37.2,34.0,19.2,16.1,34.4,10.8,20.1,16.8,19.6,35.4,26.2,35.9,31.6,36.4,27.7,29.2,33.5,0.0,6.0,2.8,22.6,5.0,17.9
11.7,29.1,20.5,34.5,31.6,15.0,19.8,31.3,5.7,14.1,11.2,13.9,29.4,20.6,30.1,26.0,30.7,22.5,24.2,28.3,6.0,0.0,4.5,18.9,7.8,12.8
12.2,33.2,24.8,38.0,34.9,19.1,15.6,35.0,10.0,18.0,15.7,18.4,33.1,23.8,33.5,29.1,34.0,25.1,26.4,30.9,2.8,4.5,0.0,19.8,3.6,15.2
30.5,39.1,31.3,48.1,46.0,28.0,24.1,44.2,20.9,14.6,21.0,21.2,22.0,12.0,20.6,15.2,19.9,9.8,9.1,14.0,22.6,18.9,19.8,0.0,19.4,8.0
15.0,36.8,28.3,41.6,38.5,22.7,12.0,38.6,13.5,20.2,18.9,21.5,35.0,25.2,35.1,30.4,35.4,26.0,26.9,31.6,5.0,7.8,3.6,19.4,0.0,16.3
24.1,31.3,23.3,40.1,38.0,20.0,24.7,36.2,13.4,7.2,13.0,13.3,19.2,9.0,19.0,14.1,19.1,9.8,11.4,15.7,17.9,12.8,15.2,8.0,16.3,0.0
1,0,471,10,90,1,6780,1.1
2,0,373,30,90,1,6780,3.1
3,0,1327,10,90,1,6780,2.3
4,0,1421,10,90,1,6780,3.2
5,0,185,10,90,1,6780,0.0
6,0,657,20,90,1,6780,0.1
7,0,1233,20,90,1,6780,1.8
8,0,3047,20,90,1,6780,1.8
9,0,2761,10,90,1,6780,3.9
10,0,2951,10,90,1,6780,2.2
11,0,2858,10,90,1,6780,3.9
12,0,2279,20,90,1,6780,1.5
13,0,2565,30,90,1,6780,1.8
14,0,2186,10,90,1,6780,3.3
15,0,2376,40,90,1,6780,1.3
16,0,2094,40,90,1,6780,1.2
17,0,2471,20,90,1,6780,3.5
18,0,1902,20,90,1,6780,0.5
19,0,1997,10,90,1,6780,3.7
20,0,170,10,90,1,6780,3.5
21,0,3143,20,90,1,6780,3.5
22,0,182,20,90,1,6780,2.7
23,0,1803,10,90,1,6780,3.1
24,0,276,10,90,1,6780,3.0
25,0,2664,40,90,1,6780,2.3
