50,2,100,3390
0.0,55.4,41.2,58.2,51.2,30.2,50.6,53.8,23.4,46.6,33.6,39.2,76.2,61.6,78.8,72.2,80.6,66.6,70.8,78.2,20.0,23.4,24.4,61.0,30.0,48.2,68.4,34.2,72.6,40.0,41.2,67.0,63.2,67.0,64.8,76.2,70.8,78.6,82.4,80.6,64.4,37.4,38.6,33.2,62.0,44.8,51.4,36.0,21.6,62.0,45.6
55.4,0.0,17.2,23.4,24.0,28.2,97.6,15.6,46.8,49.0,38.4,36.0,57.6,60.0,63.2,64.8,67.0,68.0,74.0,74.6,66.6,58.2,66.4,78.2,73.6,62.6,91.8,74.0,104.0,81.2,75.4,116.0,109.4,112.4,106.6,123.4,111.6,122.0,125.4,120.0,118.4,92.4,94.0,88.6,117.0,100.2,106.2,91.4,77.0,110.2,100.4
41.2,17.2,0.0,34.0,31.0,11.6,80.6,26.0,29.8,34.0,21.6,20.0,50.0,47.0,55.0,53.8,58.4,55.0,60.8,63.2,50.0,41.0,49.6,62.6,56.6,46.6,75.8,56.8,87.4,64.0,58.4,99.0,92.2,95.2,89.4,106.4,94.4,104.8,108.2,103.0,105.6,78.6,79.6,74.0,103.4,85.4,92.6,76.2,62.6,100.2,85.0
58.2,23.4,34.0,0.0,7.2,40.8,106.6,8.2,58.8,68.0,54.4,54.0,80.6,80.8,86.2,86.8,89.8,88.8,94.8,96.6,74.4,69.0,76.0,96.2,83.2,80.2,109.0,85.0,119.4,92.2,88.6,124.2,119.0,122.6,118.2,132.8,123.6,133.2,136.8,133.0,114.4,91.6,94.0,89.4,115.0,100.8,104.4,93.4,77.8,102.0,103.2
51.2,24.0,31.0,7.2,0.0,36.0,100.2,9.0,53.4,64.4,50.0,50.4,79.6,78.2,85.0,84.8,88.6,86.0,91.8,94.2,68.0,63.2,69.8,92.0,77.0,76.0,104.4,79.2,114.2,86.2,83.0,117.6,112.8,116.2,112.2,126.2,117.8,127.2,130.8,127.2,107.4,84.4,86.8,82.2,107.8,93.8,97.0,86.2,70.8,95.0,96.2
30.2,28.2,11.6,40.8,36.0,0.0,69.4,33.6,18.8,29.8,14.2,16.2,52.4,44.8,56.6,53.2,59.4,52.0,57.6,61.8,38.4,30.0,38.2,56.0,45.4,40.0,68.2,46.0,78.6,53.2,48.4,87.8,81.2,84.4,78.8,95.2,84.2,94.4,97.8,93.0,94.8,67.4,68.4,62.6,92.2,74.0,81.6,64.6,51.4,90.8,73.4
50.6,97.6,80.6,106.6,100.2,69.4,0.0,101.0,51.0,61.0,61.2,66.0,87.8,67.0,86.8,76.4,86.4,66.2,66.0,76.0,32.2,39.6,31.2,48.2,24.0,49.4,43.0,24.4,35.4,17.8,27.2,18.4,12.6,16.4,17.0,26.0,22.8,28.2,32.2,32.6,62.4,43.0,39.4,36.8,54.4,36.8,49.6,31.4,40.2,77.6,28.2
53.8,15.6,26.0,8.2,9.0,33.6,101.0,0.0,52.0,60.0,46.6,46.0,72.4,72.6,78.0,78.6,81.8,80.6,86.6,88.2,68.8,62.6,70.0,88.4,77.2,72.4,101.2,78.8,112.0,85.8,81.8,118.8,113.2,116.6,111.8,127.0,117.2,127.0,130.6,126.4,113.0,88.8,91.0,86.0,112.8,97.6,102.0,89.6,74.4,102.0,99.4
23.4,46.8,29.8,58.8,53.4,18.8,51.0,52.0,0.0,23.4,12.2,18.2,53.2,38.4,55.4,48.8,57.4,43.8,48.4,55.2,21.6,11.4,20.0,41.8,27.0,26.8,52.2,27.2,60.8,34.4,29.8,69.4,62.4,65.6,60.0,76.6,65.2,75.4,78.8,74.4,84.0,56.0,56.0,50.0,80.0,60.6,70.0,50.6,40.2,84.8,58.2
46.6,49.0,34.0,68.0,64.4,29.8,61.0,60.0,23.4,0.0,16.2,14.2,30.6,15.6,32.4,25.6,34.0,22.4,27.8,32.8,40.2,28.2,36.0,29.2,40.4,14.4,43.0,37.4,56.6,43.0,34.0,78.8,70.0,72.2,64.0,83.8,68.0,79.4,82.0,75.0,105.2,77.2,76.6,70.8,100.4,80.0,90.8,70.2,62.0,107.8,76.2
33.6,38.4,21.6,54.4,50.0,14.2,61.2,46.6,12.2,16.2,0.0,6.0,43.0,31.6,46.0,41.0,48.4,38.4,43.8,48.8,33.6,22.4,31.4,42.0,37.8,26.0,54.6,36.8,65.8,43.8,37.2,79.6,72.2,75.0,68.4,86.2,73.2,84.0,87.2,81.6,96.0,68.0,68.2,62.2,92.2,72.6,82.0,62.8,52.0,95.6,70.4
39.2,36.0,20.0,54.0,50.4,16.2,66.0,46.0,18.2,14.2,6.0,0.0,37.8,28.6,41.2,37.2,43.8,36.0,41.8,45.6,39.2,27.8,36.8,42.4,43.0,26.6,55.8,41.6,68.0,48.4,41.0,84.4,76.6,79.2,72.2,90.6,76.8,87.8,91.0,84.8,102.0,74.0,74.2,68.2,98.2,78.6,88.0,68.8,58.0,101.4,76.2
76.2,57.6,50.0,80.6,79.6,52.4,87.8,72.4,53.2,30.6,43.0,37.8,0.0,20.8,6.0,14.2,10.0,24.4,28.2,22.4,70.8,58.8,66.2,44.0,70.0,38.4,57.2,66.2,73.2,70.8,60.8,104.4,94.8,96.2,87.0,107.8,89.4,101.0,103.0,94.4,135.8,107.8,107.2,101.2,130.8,110.4,121.4,100.4,92.6,137.8,106.0
61.6,60.0,47.0,80.8,78.2,44.8,67.0,72.6,38.4,15.6,31.6,28.6,20.8,0.0,20.0,10.8,20.4,8.0,14.0,17.2,52.4,41.2,47.6,24.0,50.4,18.0,38.2,46.0,53.8,50.2,40.2,83.6,74.0,75.4,66.2,87.0,69.0,80.6,82.6,74.4,117.4,89.8,88.8,83.0,111.8,91.4,102.8,81.6,75.4,121.6,86.4
78.8,63.2,55.0,86.2,85.0,56.6,86.8,78.0,55.4,32.4,46.0,41.2,6.0,20.0,0.0,10.8,4.0,21.6,24.4,17.2,71.8,60.2,67.0,41.2,70.2,38.0,53.8,66.0,70.0,70.2,60.2,102.8,93.2,94.2,84.8,105.6,87.0,98.4,100.2,91.4,136.8,109.2,108.2,102.4,131.6,111.2,122.4,101.2,94.2,140.0,106.4
72.2,64.8,53.8,86.8,84.8,53.2,76.4,78.6,48.8,25.6,41.0,37.2,14.2,10.8,10.8,0.0,10.0,10.8,14.2,10.0,63.2,52.0,58.2,30.4,60.8,28.2,43.2,56.4,59.4,60.0,50.0,92.2,82.4,83.6,74.0,94.8,76.2,87.8,89.4,80.6,128.0,100.6,99.4,93.6,122.4,102.0,113.6,92.2,86.2,132.4,96.8
80.6,67.0,58.4,89.8,88.6,59.4,86.4,81.8,57.4,34.0,48.4,43.8,10.0,20.4,4.0,10.0,0.0,20.4,22.4,14.2,72.8,61.4,68.0,39.8,70.8,38.2,51.8,66.2,68.0,70.0,60.0,102.0,92.2,93.2,83.6,104.4,85.4,97.0,98.4,89.4,137.8,110.2,109.2,103.4,132.2,111.8,123.2,102.0,95.6,141.6,106.6
66.6,68.0,55.0,88.8,86.0,52.0,66.2,80.6,43.8,22.4,38.4,36.0,24.4,8.0,21.6,10.8,20.4,0.0,6.0,11.6,55.4,45.0,50.2,19.6,52.0,19.6,32.8,47.0,48.8,50.2,40.2,81.6,71.8,72.8,63.2,84.2,65.4,77.0,78.8,70.0,119.6,92.4,91.0,85.4,113.6,93.2,105.0,83.6,78.8,125.2,87.4
70.8,74.0,60.8,94.8,91.8,57.6,66.0,86.6,48.4,27.8,43.8,41.8,28.2,14.0,24.4,14.2,22.4,6.0,0.0,10.0,58.4,48.4,52.8,18.2,53.8,22.8,29.6,48.8,45.6,51.0,41.2,80.6,70.8,71.4,61.6,82.4,63.2,74.6,76.2,67.0,121.4,94.8,93.2,87.8,115.2,94.8,107.0,85.4,81.6,128.2,88.8
78.2,74.6,63.2,96.6,94.2,61.8,76.0,88.2,55.2,32.8,48.8,45.6,22.4,17.2,17.2,10.0,14.2,11.6,10.0,0.0,67.0,56.6,61.8,28.0,63.2,31.4,38.6,58.2,54.6,60.8,51.0,90.6,80.6,81.2,71.4,92.2,72.8,84.2,85.4,76.2,131.0,104.0,102.6,97.0,124.8,104.4,116.4,94.8,90.4,137.0,98.4
20.0,66.6,50.0,74.4,68.0,38.4,32.2,68.8,21.6,40.2,33.6,39.2,70.8,52.4,71.8,63.2,72.8,55.4,58.4,67.0,0.0,12.0,5.6,45.2,10.0,35.8,50.2,14.6,53.0,20.0,22.4,50.0,44.8,48.4,45.2,58.4,51.0,59.4,63.2,60.8,65.2,37.4,36.4,30.6,60.2,40.0,50.6,30.0,23.4,70.0,36.8
23.4,58.2,41.0,69.0,63.2,30.0,39.6,62.6,11.4,28.2,22.4,27.8,58.8,41.2,60.2,52.0,61.4,45.0,48.4,56.6,12.0,0.0,9.0,37.8,15.6,25.6,45.6,16.2,52.0,23.4,20.0,58.0,51.2,54.4,49.2,65.2,54.6,64.4,68.0,64.0,77.0,49.0,48.4,42.4,72.2,52.0,62.6,42.0,34.2,80.4,48.6
24.4,66.4,49.6,76.0,69.8,38.2,31.2,70.0,20.0,36.0,31.4,36.8,66.2,47.6,67.0,58.2,68.0,50.2,52.8,61.8,5.6,9.0,0.0,39.6,7.2,30.4,44.8,10.0,48.4,16.4,17.0,49.6,43.2,46.6,42.4,57.2,48.0,57.2,61.0,57.8,69.8,42.4,41.2,35.4,64.4,44.2,55.4,34.2,28.8,75.4,40.2
61.0,78.2,62.6,96.2,92.0,56.0,48.2,88.4,41.8,29.2,42.0,42.4,44.0,24.0,41.2,30.4,39.8,19.6,18.2,28.0,45.2,37.8,39.6,0.0,38.8,16.0,14.4,33.2,29.8,34.2,25.0,62.6,52.6,53.4,43.6,64.6,45.6,57.2,59.0,50.4,105.6,80.0,77.8,72.8,98.8,78.8,91.2,69.8,68.2,114.4,72.2
30.0,73.6,56.6,83.2,77.0,45.4,24.0,77.2,27.0,40.4,37.8,43.0,70.0,50.4,70.2,60.8,70.8,52.0,53.8,63.2,10.0,15.6,7.2,38.8,0.0,32.6,41.6,5.6,43.2,10.0,14.2,42.4,36.0,39.4,35.4,50.0,41.2,50.2,53.8,51.0,67.6,41.2,39.4,34.0,61.6,41.2,53.2,31.6,29.8,75.6,36.0
48.2,62.6,46.6,80.2,76.0,40.0,49.4,72.4,26.8,14.4,26.0,26.6,38.4,18.0,38.0,28.2,38.2,19.6,22.8,31.4,35.8,25.6,30.4,16.0,32.6,0.0,29.2,28.0,42.2,32.2,22.4,66.4,57.2,59.0,50.4,70.8,54.0,65.6,68.2,60.8,100.0,72.8,71.4,65.8,94.2,73.8,85.4,64.0,59.0,105.6,68.4
68.4,91.8,75.8,109.0,104.4,68.2,43.0,101.2,52.2,43.0,54.6,55.8,57.2,38.2,53.8,43.2,51.8,32.8,29.6,38.6,50.2,45.6,44.8,14.4,41.6,29.2,0.0,36.0,16.2,34.0,27.8,54.2,44.2,44.0,34.0,54.4,34.6,45.6,46.8,37.6,104.4,80.8,78.2,73.6,96.8,77.6,90.4,69.6,71.2,116.0,70.0
34.2,74.0,56.8,85.0,79.2,46.0,24.4,78.8,27.2,37.4,36.8,41.6,66.2,46.0,66.0,56.4,66.2,47.0,48.8,58.2,14.6,16.2,10.0,33.2,5.6,28.0,36.0,0.0,38.4,7.2,8.4,42.8,35.4,38.4,33.2,49.6,38.6,48.4,51.8,48.0,72.8,46.6,44.8,39.4,66.4,46.2,58.4,36.8,35.4,81.2,40.4
72.6,104.0,87.4,119.4,114.2,78.6,35.4,112.0,60.8,56.6,65.8,68.0,73.2,53.8,70.0,59.4,68.0,48.8,45.6,54.6,53.0,52.0,48.4,29.8,43.2,42.2,16.2,38.4,0.0,33.6,32.0,41.8,32.4,31.0,21.6,40.0,20.0,30.2,31.0,21.6,97.8,77.2,74.0,70.4,89.6,72.2,84.8,65.6,70.6,112.4,63.6
40.0,81.2,64.0,92.2,86.2,53.2,17.8,85.8,34.4,43.0,43.8,48.4,70.8,50.2,70.2,60.0,70.0,50.2,51.0,60.8,20.0,23.4,16.4,34.2,10.0,32.2,34.0,7.2,33.6,0.0,10.0,36.0,28.2,31.2,26.0,42.4,31.6,41.2,44.8,41.2,71.6,46.8,44.4,39.6,64.6,44.8,57.4,36.0,37.8,82.0,38.0
41.2,75.4,58.4,88.6,83.0,48.4,27.2,81.8,29.8,34.0,37.2,41.0,60.8,40.2,60.2,50.0,60.0,40.2,41.2,51.0,22.4,20.0,17.0,25.0,14.2,22.4,27.8,8.4,32.0,10.0,0.0,44.8,36.0,38.4,31.2,50.0,36.0,46.8,50.0,44.8,80.6,55.0,52.8,47.8,74.0,53.8,66.2,44.8,43.8,89.6,47.6
67.0,116.0,99.0,124.2,117.6,87.8,18.4,118.8,69.4,78.8,79.6,84.4,104.4,83.6,102.8,92.2,102.0,81.6,80.6,90.6,50.0,58.0,49.6,62.6,42.4,66.4,54.2,42.8,41.8,36.0,44.8,0.0,10.0,10.8,20.4,10.0,22.4,18.8,22.4,28.2,62.2,50.4,46.4,46.0,53.2,41.2,52.0,40.0,53.0,81.8,32.6
63.2,109.4,92.2,119.0,112.8,81.2,12.6,113.2,62.4,70.0,72.2,76.6,94.8,74.0,93.2,82.4,92.2,71.8,70.8,80.6,44.8,51.2,43.2,52.6,36.0,57.2,44.2,35.4,32.4,28.2,36.0,10.0,0.0,4.0,10.8,14.2,14.2,16.0,20.0,22.4,68.2,52.4,48.8,47.0,59.4,44.8,56.6,41.2,52.0,85.8,35.8
67.0,112.4,95.2,122.6,116.2,84.4,16.4,116.6,65.6,72.2,75.0,79.2,96.2,75.4,94.2,83.6,93.2,72.8,71.4,81.2,48.4,54.4,46.6,53.4,39.4,59.0,44.0,38.4,31.0,31.2,38.4,10.8,4.0,0.0,10.0,11.6,11.6,12.0,16.0,18.8,71.2,56.4,52.4,51.0,62.4,48.4,60.0,45.2,56.0,89.4,39.4
64.8,106.6,89.4,118.2,112.2,78.8,17.0,111.8,60.0,64.0,68.4,72.2,87.0,66.2,84.8,74.0,83.6,63.2,61.6,71.4,45.2,49.2,42.4,43.6,35.4,50.4,34.0,33.2,21.6,26.0,31.2,20.4,10.8,10.0,0.0,20.8,6.0,15.6,18.8,16.0,77.8,60.0,56.4,53.8,69.4,53.2,65.6,48.4,56.8,94.4,44.4
76.2,123.4,106.4,132.8,126.2,95.2,26.0,127.0,76.6,83.8,86.2,90.6,107.8,87.0,105.6,94.8,104.4,84.2,82.4,92.2,58.4,65.2,57.2,64.6,50.0,70.8,54.4,49.6,40.0,42.4,50.0,10.0,14.2,11.6,20.8,0.0,20.0,11.6,14.2,22.4,70.8,60.2,56.4,56.0,61.8,51.0,61.4,50.0,62.8,91.0,42.4
70.8,111.6,94.4,123.6,117.8,84.2,22.8,117.2,65.2,68.0,73.2,76.8,89.4,69.0,87.0,76.2,85.4,65.4,63.2,72.8,51.0,54.6,48.0,45.6,41.2,54.0,34.6,38.6,20.0,31.6,36.0,22.4,14.2,11.6,6.0,20.0,0.0,11.6,14.2,10.0,82.2,65.4,61.8,59.4,73.6,58.4,70.4,53.8,62.8,99.4,49.4
78.6,122.0,104.8,133.2,127.2,94.4,28.2,127.0,75.4,79.4,84.0,87.8,101.0,80.6,98.4,87.8,97.0,77.0,74.6,84.2,59.4,64.4,57.2,57.2,50.2,65.6,45.6,48.4,30.2,41.2,46.8,18.8,16.0,12.0,15.6,11.6,11.6,0.0,4.0,10.8,81.0,68.0,64.0,62.8,72.2,59.4,70.6,56.8,68.0,100.4,50.6
82.4,125.4,108.2,136.8,130.8,97.8,32.2,130.6,78.8,82.0,87.2,91.0,103.0,82.6,100.2,89.4,98.4,78.8,76.2,85.4,63.2,68.0,61.0,59.0,53.8,68.2,46.8,51.8,31.0,44.8,50.0,22.4,20.0,16.0,18.8,14.2,14.2,4.0,0.0,10.0,84.4,71.8,68.0,66.8,75.4,63.2,74.4,60.8,72.0,104.0,54.4
80.6,120.0,103.0,133.0,127.2,93.0,32.6,126.4,74.4,75.0,81.6,84.8,94.4,74.4,91.4,80.6,89.4,70.0,67.0,76.2,60.8,64.0,57.8,50.4,51.0,60.8,37.6,48.0,21.6,41.2,44.8,28.2,22.4,18.8,16.0,22.4,10.0,10.8,10.0,0.0,90.0,74.6,71.0,69.0,81.2,67.0,78.8,63.2,72.6,108.2,58.2
64.4,118.4,105.6,114.4,107.4,94.8,62.4,113.0,84.0,105.2,96.0,102.0,135.8,117.4,136.8,128.0,137.8,119.6,121.4,131.0,65.2,77.0,69.8,105.6,67.6,100.0,104.4,72.8,97.8,71.6,80.6,62.2,68.2,71.2,77.8,70.8,82.2,81.0,84.4,90.0,0.0,28.0,28.6,34.6,9.0,26.8,14.6,36.0,44.0,24.4,34.4
37.4,92.4,78.6,91.6,84.4,67.4,43.0,88.8,56.0,77.2,68.0,74.0,107.8,89.8,109.2,100.6,110.2,92.4,94.8,104.0,37.4,49.0,42.4,80.0,41.2,72.8,80.8,46.6,77.2,46.8,55.0,50.4,52.4,56.4,60.0,60.2,65.4,68.0,71.8,74.6,28.0,0.0,4.0,7.2,24.8,10.8,14.2,11.6,16.2,35.4,18.0
38.6,94.0,79.6,94.0,86.8,68.4,39.4,91.0,56.0,76.6,68.2,74.2,107.2,88.8,108.2,99.4,109.2,91.0,93.2,102.6,36.4,48.4,41.2,77.8,39.4,71.4,78.2,44.8,74.0,44.4,52.8,46.4,48.8,52.4,56.4,56.4,61.8,64.0,68.0,71.0,28.6,4.0,0.0,6.0,24.0,7.2,14.2,8.4,17.0,38.4,14.0
33.2,88.6,74.0,89.4,82.2,62.6,36.8,86.0,50.0,70.8,62.2,68.2,101.2,83.0,102.4,93.6,103.4,85.4,87.8,97.0,30.6,42.4,35.4,72.8,34.0,65.8,73.6,39.4,70.4,39.6,47.8,46.0,47.0,51.0,53.8,56.0,59.4,62.8,66.8,69.0,34.6,7.2,6.0,0.0,30.0,11.6,20.0,6.0,11.6,42.4,15.2
62.0,117.0,103.4,115.0,107.8,92.2,54.4,112.8,80.0,100.4,92.2,98.2,130.8,111.8,131.6,122.4,132.2,113.6,115.2,124.8,60.2,72.2,64.4,98.8,61.6,94.2,96.8,66.4,89.6,64.6,74.0,53.2,59.4,62.4,69.4,61.8,73.6,72.2,75.4,81.2,9.0,24.8,24.0,30.0,0.0,20.4,10.8,30.2,40.8,32.0,26.8
44.8,100.2,85.4,100.8,93.8,74.0,36.8,97.6,60.6,80.0,72.6,78.6,110.4,91.4,111.2,102.0,111.8,93.2,94.8,104.4,40.0,52.0,44.2,78.8,41.2,73.8,77.6,46.2,72.2,44.8,53.8,41.2,44.8,48.4,53.2,51.0,58.4,59.4,63.2,67.0,26.8,10.8,7.2,11.6,20.4,0.0,12.8,10.0,23.4,41.2,9.0
51.4,106.2,92.6,104.4,97.0,81.6,49.6,102.0,70.0,90.8,82.0,88.0,121.4,102.8,122.4,113.6,123.2,105.0,107.0,116.4,50.6,62.6,55.4,91.2,53.2,85.4,90.4,58.4,84.8,57.4,66.2,52.0,56.6,60.0,65.6,61.4,70.4,70.6,74.4,78.8,14.6,14.2,14.2,20.0,10.8,12.8,0.0,21.6,30.2,29.8,21.2
36.0,91.4,76.2,93.4,86.2,64.6,31.4,89.6,50.6,70.2,62.8,68.8,100.4,81.6,101.2,92.2,102.0,83.6,85.4,94.8,30.0,42.0,34.2,69.8,31.6,64.0,69.6,36.8,65.6,36.0,44.8,40.0,41.2,45.2,48.4,50.0,53.8,56.8,60.8,63.2,36.0,11.6,8.4,6.0,30.2,10.0,21.6,0.0,15.6,46.8,10.0
21.6,77.0,62.6,77.8,70.8,51.4,40.2,74.4,40.2,62.0,52.0,58.0,92.6,75.4,94.2,86.2,95.6,78.8,81.6,90.4,23.4,34.2,28.8,68.2,29.8,59.0,71.2,35.4,70.6,37.8,43.8,53.0,52.0,56.0,56.8,62.8,62.8,68.0,72.0,72.6,44.0,16.2,17.0,11.6,40.8,23.4,30.2,15.6,0.0,46.6,25.6
62.0,110.2,100.2,102.0,95.0,90.8,77.6,102.0,84.8,107.8,95.6,101.4,137.8,121.6,140.0,132.4,141.6,125.2,128.2,137.0,70.0,80.4,75.4,114.4,75.6,105.6,116.0,81.2,112.4,82.0,89.6,81.8,85.8,89.4,94.4,91.0,99.4,100.4,104.0,108.2,24.4,35.4,38.4,42.4,32.0,41.2,29.8,46.8,46.6,0.0,50.2
45.6,100.4,85.0,103.2,96.2,73.4,28.2,99.4,58.2,76.2,70.4,76.2,106.0,86.4,106.4,96.8,106.6,87.4,88.8,98.4,36.8,48.6,40.2,72.2,36.0,68.4,70.0,40.4,63.6,38.0,47.6,32.6,35.8,39.4,44.4,42.4,49.4,50.6,54.4,58.2,34.4,18.0,14.0,15.2,26.8,9.0,21.2,10.0,25.6,50.2,0.0
1,0,1963.1999999999998,10,90,1,6780,110.2
2,0,1967.3999999999999,30,90,1,6780,105.4
3,0,1962.0,10,90,1,6780,81.6
4,0,852.6,10,90,1,6780,114.1
5,0,1970.3999999999999,10,90,1,6780,87.2
6,0,394.2,20,90,1,6780,120.8
7,0,1963.8,20,90,1,6780,140.7
8,0,1828.2,20,90,1,6780,83.9
9,0,1656.6,10,90,1,6780,129.4
10,0,1770.6,10,90,1,6780,106.0
11,0,1714.8,10,90,1,6780,96.1
12,0,1956.6,20,90,1,6780,153.0
13,0,1539.0,30,90,1,6780,119.1
14,0,1311.6,10,90,1,6780,132.5
15,0,1425.6,40,90,1,6780,152.3
16,0,1256.3999999999999,40,90,1,6780,84.8
17,0,1482.6,20,90,1,6780,146.9
18,0,1141.2,20,90,1,6780,102.2
19,0,1198.2,10,90,1,6780,129.4
20,0,102.0,10,90,1,6780,148.3
21,0,1972.8,20,90,1,6780,80.0
22,0,109.2,20,90,1,6780,101.7
23,0,1081.8,10,90,1,6780,134.4
24,0,165.6,10,90,1,6780,154.2
25,0,1598.3999999999999,40,90,1,6780,120.2
26,0,1959.0,10,90,1,6780,123.5
27,0,221.4,10,90,1,6780,105.4
28,0,964.1999999999999,20,90,1,6780,93.0
29,0,334.8,10,90,1,6780,128.9
30,0,277.8,10,90,1,6780,101.8
31,0,1959.6,20,90,1,6780,122.6
32,0,451.8,30,90,1,6780,154.6
33,0,507.0,40,90,1,6780,142.1
34,0,1960.1999999999998,20,90,1,6780,105.6
35,0,621.6,10,90,1,6780,136.7
36,0,847.8,10,90,1,6780,108.3
37,0,1956.0,20,90,1,6780,149.6
38,0,733.8,30,90,1,6780,135.3
39,0,790.8,20,90,1,6780,143.4
40,0,1187.3999999999999,10,90,1,6780,98.0
41,0,1750.8,10,90,1,6780,92.0
42,0,1695.6,20,90,1,6780,93.0
43,0,1639.8,10,90,1,6780,127.5
44,0,1243.8,10,90,1,6780,151.7
45,0,1359.0,10,90,1,6780,156.6
46,0,1301.3999999999999,30,90,1,6780,95.5
47,0,1584.0,10,90,1,6780,116.7
48,0,1973.3999999999999,10,90,1,6780,130.9
49,0,676.1999999999999,10,90,1,6780,152.7
50,0,1966.1999999999998,10,90,1,6780,107.1
