15,3,50,450
0,54.30720705,60.85775649,34.61478922,45.5966498,73.58407975,49.17269805,66.28435713,25.30981474,55.42104108,33.30085286,48.03914015,39.30791738,39.46353671,23.33338252,82.21673239
54.30720705,0,108.7933971,23.00111339,19.35554176,127.5548237,53.08764775,119.828428,29.20428517,108.6786401,87.2359061,101.9082703,26.16947774,19.85707823,66.89760171,41.58509888
60.85775649,108.7933971,0,85.8565849,93.24024008,54.62537967,107.8213901,28.44611265,81.05852713,23.3005389,46.54630048,46.63002356,99.6831689,98.5657696,41.9597932,142.3477242
34.61478922,23.00111339,85.8565849,0,11.36971855,108.0054978,53.52412209,98.06202674,10.73868488,86.81527037,67.85430605,82.57331611,27.20238673,21.02585896,44.04959656,61.29131718
45.5966498,19.35554176,93.24024008,11.36971855,0,118.6050417,61.91915911,107.4435834,22.0562103,96.15745914,78.65390524,93.32268595,34.23728821,27.18703892,52.21923895,60.78230106
73.58407975,127.5548237,54.62537967,108.0054978,118.6050417,0,101.5825103,26.91033186,98.86729259,32.41847975,40.33989291,25.64821485,108.092619,110.6551965,71.45926745,148.5780843
49.17269805,53.08764775,107.8213901,53.52412209,61.91915911,101.5825103,0,105.4911201,45.61059079,96.44065029,67.21853082,78.58884053,27.98542623,35.16353708,72.42727593,50.39473319
66.28435713,119.828428,28.44611265,98.06202674,107.4435834,26.91033186,105.4911201,0,90.66031124,11.28817372,38.2728031,29.41168057,104.8698296,105.703907,55.95372535,147.4515746
25.30981474,29.20428517,81.05852713,10.73868488,22.0562103,98.86729259,45.61059079,90.66031124,0,79.54317985,58.54395088,73.27907734,22.40602252,18.5059719,39.22598539,62.227704
55.42104108,108.6786401,23.3005389,86.81527037,96.15745914,32.41847975,96.44065029,11.28817372,79.54317985,0,29.73657716,24.76903107,94.30745089,94.88364049,44.72820589,137.0489394
33.30085286,87.2359061,46.54630048,67.85430605,78.65390524,40.33989291,67.21853082,38.2728031,58.54395088,29.73657716,0,14.7393893,68.73749203,70.72944341,36.50854017,110.4959207
48.03914015,101.9082703,46.63002356,82.57331611,93.32268595,25.64821485,78.58884053,29.41168057,73.27907734,24.76903107,14.7393893,0,82.76789383,85.10743002,48.78472771,123.8989539
39.30791738,26.16947774,99.6831689,27.20238673,34.23728821,108.092619,27.98542623,104.8698296,22.40602252,94.30745089,68.73749203,82.76789383,0,7.180499495,59.05098581,42.90912176
39.46353671,19.85707823,98.5657696,21.02585896,27.18703892,110.6551965,35.16353708,105.703907,18.5059719,94.88364049,70.72944341,85.10743002,7.180499495,0,57.13985224,43.9578415
23.33338252,66.89760171,41.9597932,44.04959656,52.21923895,71.45926745,72.42727593,55.95372535,39.22598539,44.72820589,36.50854017,48.78472771,59.05098581,57.13985224,0,101.0933713
82.21673239,41.58509888,142.3477242,61.29131718,60.78230106,148.5780843,50.39473319,147.4515746,62.227704,137.0489394,110.4959207,123.8989539,42.90912176,43.9578415,101.0933713,0
1,0,100,4,12,1,450,0
2,0,100,1,16,1,450,0
3,0,100,8,16,1,450,0
4,0,100,22,23,1,450,0
5,0,100,8,7,1,450,0
6,0,100,22,6,1,450,0
7,0,100,16,6,1,450,0
8,0,100,18,20,1,450,0
9,0,100,25,23,1,450,0
10,0,100,9,2,1,450,0
11,0,100,25,9,1,450,0
12,0,100,10,13,1,450,0
13,0,100,13,22,1,450,0
14,0,100,25,23,1,450,0
15,0,100,7,6,1,450,0
