30,6,50,450
0,54.30720705,60.85775649,34.61478922,45.5966498,73.58407975,49.17269805,66.28435713,25.30981474,55.42104108,33.30085286,48.03914015,39.30791738,39.46353671,23.33338252,82.21673239,60.77966005,66.35431116,55.38645121,50.16938264,53.47974345,23.97577338,38.66828035,45.98999462,99.70284735,8.986303467,89.66458976,31.79730671,23.77416634,82.18104785,71.51368525
54.30720705,0,108.7933971,23.00111339,19.35554176,127.5548237,53.08764775,119.828428,29.20428517,108.6786401,87.2359061,101.9082703,26.16947774,19.85707823,66.89760171,41.58509888,107.7039801,17.36303073,76.46616528,96.68912568,105.7296048,54.53602979,30.20643933,86.62895812,153.8890208,51.22299491,35.83702513,85.47099335,77.10809151,133.895849,20.04936987
60.85775649,108.7933971,0,85.8565849,93.24024008,54.62537967,107.8213901,28.44611265,81.05852713,23.3005389,46.54630048,46.63002356,99.6831689,98.5657696,41.9597932,142.3477242,3.159859649,123.856196,52.33056664,12.24573742,58.19573666,54.69462763,99.41293264,25.36303744,59.4742883,68.98255972,144.352526,48.71727461,39.08208848,28.61127837,128.215018
34.61478922,23.00111339,85.8565849,0,11.36971855,108.0054978,53.52412209,98.06202674,10.73868488,86.81527037,67.85430605,82.57331611,27.20238673,21.02585896,44.04959656,61.29131718,84.72512983,39.17018796,55.86481742,73.72324345,87.95219866,31.54563035,30.33147728,63.68542554,132.6788226,34.39972693,58.52935394,66.40754374,55.71503562,111.3436792,42.82248971
45.5966498,19.35554176,93.24024008,11.36971855,0,118.6050417,61.91915911,107.4435834,22.0562103,96.15745914,78.65390524,93.32268595,34.23728821,27.18703892,52.21923895,60.78230106,91.82355136,36.71603961,57.32041107,81.0003946,99.05439601,38.5871864,37.95109687,69.76788134,142.3946569,45.76244479,51.92520191,77.30480946,65.66908644,119.6920883,38.93356039
73.58407975,127.5548237,54.62537967,108.0054978,118.6050417,0,101.5825103,26.91033186,98.86729259,32.41847975,40.33989291,25.64821485,108.092619,110.6551965,71.45926745,148.5780843,57.69717398,137.7399692,99.50709644,59.03541264,25.26820613,85.03536923,105.8010998,71.57244892,32.67755837,76.57674851,162.1757354,42.09266142,53.79184117,42.78602802,143.3348471
49.17269805,53.08764775,107.8213901,53.52412209,61.91915911,101.5825103,0,105.4911201,45.61059079,96.44065029,67.21853082,78.58884053,27.98542623,35.16353708,72.42727593,50.39473319,108.2746859,50.85351296,100.9799634,98.25951032,76.38807584,69.1409637,24.05740212,95.160726,133.1777941,40.21199204,74.93769045,64.73381812,68.74695575,124.4380771,56.60616115
66.28435713,119.828428,28.44611265,98.06202674,107.4435834,26.91033186,105.4911201,0,90.66031124,11.28817372,38.2728031,29.41168057,104.8698296,105.703907,55.95372535,147.4515746,31.59567268,132.633548,77.5686609,35.29446248,38.3904832,70.18303223,103.4998317,49.12082806,35.3864025,72.11479883,155.5622931,40.76067764,42.7649392,20.36582002,137.7342226
25.30981474,29.20428517,81.05852713,10.73868488,22.0562103,98.86729259,45.61059079,90.66031124,0,79.54317985,58.54395088,73.27907734,22.40602252,18.5059719,39.22598539,62.227704,80.27897116,42.85980723,58.02936333,69.22776749,78.02988911,29.14344703,24.41164003,60.81143374,124.6982522,23.9064224,64.90584308,56.93148963,47.91621029,105.1652898,47.49211522
55.42104108,108.6786401,23.3005389,86.81527037,96.15745914,32.41847975,96.44065029,11.28817372,79.54317985,0,29.73657716,24.76903107,94.30745089,94.88364049,44.72820589,137.0489394,26.14679227,121.7051415,68.03288619,26.65766299,35.76110437,58.95877995,93.10135838,39.69033662,46.56109019,61.63264917,144.4476502,32.23042842,31.73975584,27.99804588,126.7405621
33.30085286,87.2359061,46.54630048,67.85430605,78.65390524,40.33989291,67.21853082,38.2728031,58.54395088,29.73657716,0,14.7393893,68.73749203,70.72944341,36.50854017,110.4959207,48.19992868,97.90113036,70.5348656,41.60168277,21.89072628,48.05891905,66.84272502,47.5319578,68.22800238,36.49050152,122.058003,2.50504471,17.63389327,57.54384605,103.3857239
48.03914015,101.9082703,46.63002356,82.57331611,93.32268595,25.64821485,78.58884053,29.41168057,73.27907734,24.76903107,14.7393893,0,82.76789383,85.10743002,48.78472771,123.8989539,49.02792798,112.2366696,80.64728147,45.52875531,11.75470093,61.44845571,80.64213765,54.88388737,54.88381229,50.96007551,136.5722459,16.44587365,30.02038689,49.76004157,117.7898359
39.30791738,26.16947774,99.6831689,27.20238673,34.23728821,108.092619,27.98542623,104.8698296,22.40602252,94.30745089,68.73749203,82.76789383,0,7.180499495,59.05098581,42.90912176,99.32444002,30.10779123,80.42436713,88.42511415,84.55109433,50.95629353,4.075618481,81.61164555,136.9269176,32.76425566,55.23444962,66.60022742,62.96697752,121.4248246,35.96461245
39.46353671,19.85707823,98.5657696,21.02585896,27.18703892,110.6551965,35.16353708,105.703907,18.5059719,94.88364049,70.72944341,85.10743002,7.180499495,0,57.13985224,43.9578415,97.98350417,27.17935246,75.75553168,86.97521001,87.78828752,47.64894262,11.15534334,79.16377356,138.5851986,34.24967066,51.61594833,68.73357401,63.21288809,121.4742496,32.68299772
23.33338252,66.89760171,41.9597932,44.04959656,52.21923895,71.45926745,72.42727593,55.95372535,39.22598539,44.72820589,36.50854017,48.78472771,59.05098581,57.13985224,0,101.0933713,41.06825392,81.92711123,35.47322768,30.01296097,58.21327426,14.23085539,59.39361057,22.95500688,91.28893152,32.31645602,102.5763574,36.59793418,18.98385696,67.49800623,86.25526629
82.21673239,41.58509888,142.3477242,61.29131718,60.78230106,148.5780843,50.39473319,147.4515746,62.227704,137.0489394,110.4959207,123.8989539,42.90912176,43.9578415,101.0933713,0,141.85376,24.69076485,116.9798869,130.8715543,124.0056247,91.21614769,43.95738541,123.0365215,178.632481,75.41643273,33.42183773,108.219542,105.854122,164.3066144,25.30892366
60.77966005,107.7039801,3.159859649,84.72512983,91.82355136,57.69717398,108.2746859,31.59567268,80.27897116,26.14679227,48.19992868,49.02792798,99.32444002,97.98350417,41.06825392,141.85376,0,122.9861222,49.59303671,11.05571499,60.66473417,53.38140149,99.18303591,23.16896927,62.47056614,69.08198192,143.1480764,50.297446,39.66292371,31.19452825,127.2457894
66.35431116,17.36303073,123.856196,39.17018796,36.71603961,137.7399692,50.85351296,132.633548,42.85980723,121.7051415,97.90113036,112.2366696,30.10779123,27.17935246,81.92711123,24.69076485,122.9861222,0,93.75283174,111.930996,114.543787,70.46033957,33.18068301,102.6550525,165.7425968,61.42827053,25.22043461,95.8889155,89.96895988,147.871322,5.960874097
55.38645121,76.46616528,52.33056664,55.86481742,57.32041107,99.50709644,100.9799634,77.5686609,58.02936333,68.03288619,70.5348656,80.64728147,80.42436713,75.75553168,35.47322768,116.9798869,49.59303671,93.75283174,0,42.40941499,91.33132165,32.12048768,82.32757089,28.45343004,111.3731801,63.5726231,107.9751513,71.07338686,53.06359778,80.76796571,96.25207946
50.16938264,96.68912568,12.24573742,73.72324345,81.0003946,59.03541264,98.25951032,35.29446248,69.22776749,26.65766299,41.60168277,45.52875531,88.42511415,86.97521001,30.01296097,130.8715543,11.05571499,111.930996,42.40941499,0,57.26393701,42.47187485,88.37460419,14.16380094,69.08201957,58.65476028,132.1844694,43.39976958,30.29632019,40.11562445,116.2013597
53.47974345,105.7296048,58.19573666,87.95219866,99.05439601,25.26820613,76.38807584,38.3904832,78.02988911,35.76110437,21.89072628,11.75470093,84.55109433,87.78828752,58.21327426,124.0056247,60.66473417,114.543787,91.33132165,57.26393701,0,69.94102239,81.95645718,66.26639713,57.56893331,54.5639237,139.3837549,22.43504941,39.23167885,58.55875054,120.2840556
23.97577338,54.53602979,54.69462763,31.54563035,38.5871864,85.03536923,69.1409637,70.18303223,29.14344703,58.95877995,48.05891905,61.44845571,50.95629353,47.64894262,14.23085539,91.21614769,53.38140149,70.46033957,32.12048768,42.47187485,69.94102239,0,52.16684115,32.19599602,105.5191586,31.63373498,89.78536721,47.63109523,31.48330459,81.23531721,74.33967211
38.66828035,30.20643933,99.41293264,30.33147728,37.95109687,105.8010998,24.05740212,103.4998317,24.41164003,93.10135838,66.84272502,80.64213765,4.075618481,11.15534334,59.39361057,43.95738541,99.18303591,33.18068301,82.32757089,88.37460419,81.95645718,52.16684115,0,82.16245043,135.0701652,31.47748854,58.39369563,64.63823377,62.06035939,120.4572948,39.10520949
45.98999462,86.62895812,25.36303744,63.68542554,69.76788134,71.57244892,95.160726,49.12082806,60.81143374,39.69033662,47.5319578,54.88388737,81.61164555,79.16377356,22.95500688,123.0365215,23.16896927,102.6550525,28.45343004,14.16380094,66.26639713,32.19599602,82.16245043,0,83.23376626,54.95157,121.5391027,48.76016342,32.11712696,53.88912263,106.5055676
99.70284735,153.8890208,59.4742883,132.6788226,142.3946569,32.67755837,133.1777941,35.3864025,124.6982522,46.56109019,68.22800238,54.88381229,136.9269176,138.5851986,91.28893152,178.632481,62.47056614,165.7425968,111.3731801,69.08201957,57.56893331,105.5191586,135.0701652,83.23376626,0,104.4016395,189.3674227,70.44622167,76.9766263,33.4395728,171.0753704
8.986303467,51.22299491,68.98255972,34.39972693,45.76244479,76.57674851,40.21199204,72.11479883,23.9064224,61.63264917,36.49050152,50.96007551,32.76425566,34.24967066,32.31645602,75.41643273,69.08198192,61.42827053,63.5726231,58.65476028,54.5639237,31.63373498,31.47748854,54.95157,104.4016395,0,85.61268543,34.53762389,30.72990799,89.00910597,66.89527941
89.66458976,35.83702513,144.352526,58.52935394,51.92520191,162.1757354,74.93769045,155.5622931,64.90584308,144.4476502,122.058003,136.5722459,55.23444962,51.61594833,102.5763574,33.42183773,143.1480764,25.22043461,107.9751513,132.1844694,139.3837549,89.78536721,58.39369563,121.5391027,189.3674227,85.61268543,0,120.1474528,112.805609,169.7202927,19.28960492
31.79730671,85.47099335,48.71727461,66.40754374,77.30480946,42.09266142,64.73381812,40.76067764,56.93148963,32.23042842,2.50504471,16.44587365,66.60022742,68.73357401,36.59793418,108.219542,50.297446,95.8889155,71.07338686,43.39976958,22.43504941,47.63109523,64.63823377,48.76016342,70.44622167,34.53762389,120.1474528,0,18.01191209,60.04843116,101.4083894
23.77416634,77.10809151,39.08208848,55.71503562,65.66908644,53.79184117,68.74695575,42.7649392,47.91621029,31.73975584,17.63389327,30.02038689,62.96697752,63.21288809,18.98385696,105.854122,39.66292371,89.96895988,53.06359778,30.29632019,39.23167885,31.48330459,62.06035939,32.11712696,76.9766263,30.72990799,112.805609,18.01191209,0,58.45784712,95.00426585
82.18104785,133.895849,28.61127837,111.3436792,119.6920883,42.78602802,124.4380771,20.36582002,105.1652898,27.99804588,57.54384605,49.76004157,121.4248246,121.4742496,67.49800623,164.3066144,31.19452825,147.871322,80.76796571,40.11562445,58.55875054,81.23531721,120.4572948,53.88912263,33.4395728,89.00910597,169.7202927,60.04843116,58.45784712,0,152.6524861
71.51368525,20.04936987,128.215018,42.82248971,38.93356039,143.3348471,56.60616115,137.7342226,47.49211522,126.7405621,103.3857239,117.7898359,35.96461245,32.68299772,86.25526629,25.30892366,127.2457894,5.960874097,96.25207946,116.2013597,120.2840556,74.33967211,39.10520949,106.5055676,171.0753704,66.89527941,19.28960492,101.4083894,95.00426585,152.6524861,0
1,0,100,4,12,1,550,0
2,0,100,1,16,1,550,0
3,0,100,8,16,1,550,0
4,0,100,22,23,1,550,0
5,0,100,8,7,1,550,0
6,0,100,22,6,1,550,0
7,0,100,16,6,1,550,0
8,0,100,18,20,1,550,0
9,0,100,25,23,1,550,0
10,0,100,9,2,1,550,0
11,0,100,25,9,1,550,0
12,0,100,10,13,1,550,0
13,0,100,13,22,1,550,0
14,0,100,25,23,1,550,0
15,0,100,7,6,1,550,0
16,0,100,16,21,1,550,0
17,0,100,6,5,1,550,0
18,0,100,21,16,1,550,0
19,0,100,8,7,1,550,0
20,0,100,7,16,1,550,0
21,0,100,5,11,1,550,0
22,0,100,17,16,1,550,0
23,0,100,24,11,1,550,0
24,0,100,10,10,1,550,0
25,0,100,3,6,1,550,0
26,0,100,11,6,1,550,0
27,0,100,22,1,1,550,0
28,0,100,7,12,1,550,0
29,0,100,12,15,1,550,0
30,0,100,21,19,1,550,0
