20,4,50,450
0,42.6199537,57.19213563,14.18248786,51.51537576,5.909255452,24.26859708,36.29061587,60.33062029,44.91479935,45.70925105,35.7932529,64.44845712,56.68004023,71.26905778,55.58948866,13.74968672,43.83260579,82.93228535,64.12834146,52.11166001
42.6199537,0,80.49550224,56.59206079,26.06743303,47.01015904,18.37760237,45.6635082,30.14160248,50.08575087,8.865165368,39.01427318,90.34004642,71.33014536,90.63576065,77.06021049,45.0390872,61.25339799,101.820551,32.87814528,85.61814711
57.19213563,80.49550224,0,52.06379118,101.1321842,52.09141213,68.80003583,35.31054905,74.60414544,34.30518231,76.7313952,92.28169884,10.30956997,112.5783196,124.3822898,4.265461874,44.09319323,99.95871024,135.4266028,111.7538271,96.69876207
14.18248786,56.59206079,52.06379118,0,65.09474106,9.789008224,38.32415961,40.84928065,71.87809756,49.13746356,59.08362069,46.56285177,57.52021885,60.9290438,72.38933422,51.48392414,17.48171345,48.61663855,83.57579406,77.85312595,47.23200043
51.51537576,26.06743303,101.1321842,65.09474106,0,57.26017709,32.35333195,68.20945814,54.89087834,74.02494129,34.57135676,26.40151096,110.305374,54.5948943,74.10631904,98.19348686,59.84798597,48.06822495,84.18617755,12.92125636,78.64384282
5.909255452,47.01015904,52.09141213,9.789008224,57.26017709,0,28.88108696,34.23453023,62.3681488,42.81709753,49.30413098,41.54511467,59.00596771,60.92744029,74.57502127,50.7242716,10.37301523,48.15215021,86.11811815,69.79811873,53.01180519
24.26859708,18.37760237,68.80003583,38.32415961,32.35333195,28.88108696,0,36.87694375,41.01371713,43.75481689,22.64347791,30.46317556,77.95699307,61.2465968,79.47290258,65.92946134,28.48648109,49.5319535,91.10244599,43.56944124,69.55096998
36.29061587,45.6635082,35.31054905,40.84928065,68.20945814,34.23453023,36.87694375,0,41.48652149,8.629818596,41.43607723,65.08945279,45.4667534,91.74323657,107.3662909,31.62173773,23.95756926,78.96555838,119.0790508,77.80552763,87.1992498
60.33062029,30.14160248,74.60414544,71.87809756,54.89087834,62.3681488,41.01371713,41.48652149,0,40.3044599,21.34421591,68.37687808,84.89526123,100.5924222,119.5378736,70.46272161,55.5268472,89.71100727,130.9622478,57.90106425,110.1737184
44.91479935,50.08575087,34.30518231,49.13746356,74.02494129,42.81709753,43.75481689,8.629818596,40.3044599,0,44.59346142,72.84919854,44.60457147,100.1393719,115.9344805,30.18834345,32.4997296,87.39483161,127.6561718,82.81464914,95.7311844
45.70925105,8.865165368,76.7313952,59.08362069,34.57135676,49.30413098,22.64347791,41.43607723,21.34421591,44.59346142,0,47.28561211,86.82600611,79.59344134,98.7434602,73.05259355,45.46513896,69.11331549,110.047219,40.02792698,91.90444993
35.7932529,39.01427318,92.28169884,46.56285177,26.40151096,41.54511467,30.46317556,65.08945279,68.37687808,72.84919854,47.28561211,0,100.0402962,32.32495273,51.64973468,90.24866528,48.19677209,22.8374596,62.80899051,38.4044584,52.24359607
64.44845712,90.34004642,10.30956997,57.52021885,110.305374,59.00596771,77.95699307,45.4667534,84.89526123,44.60457147,86.82600611,100.0402962,0,118.4471738,129.0743708,14.44085884,51.99898557,106.053096,139.8074697,121.2110527,99.82432406
56.68004023,71.33014536,112.5783196,60.9290438,54.5948943,60.92744029,61.2465968,91.74323657,100.5924222,100.1393719,79.59344134,32.32495273,118.4471738,0,19.61622199,111.5172833,70.42412471,12.85423175,30.4937026,63.60294077,35.99302106
71.26905778,90.63576065,124.3822898,72.38933422,74.10631904,74.57502127,79.47290258,107.3662909,119.5378736,115.9344805,98.7434602,51.64973468,129.0743708,19.61622199,0,123.8706195,84.69182527,29.94504435,11.76492146,82.64191078,33.88041219
55.58948866,77.06021049,4.265461874,51.48392414,98.19348686,50.7242716,65.92946134,31.62173773,70.46272161,30.18834345,73.05259355,90.24866528,14.44085884,111.5172833,123.8706195,0,42.20180935,98.81185901,135.0417301,108.6012667,96.96750207
13.74968672,45.0390872,44.09319323,17.48171345,59.84798597,10.37301523,28.48648109,23.95756926,55.5268472,32.4997296,45.46513896,48.19677209,51.99898557,70.42412471,84.69182527,42.20180935,0,57.57941824,96.28903745,71.74106777,63.2428169
43.83260579,61.25339799,99.95871024,48.61663855,48.06822495,48.15215021,49.5319535,78.96555838,89.71100727,87.39483161,69.11331549,22.8374596,106.053096,12.85423175,29.94504435,98.81185901,57.57941824,0,41.57969504,58.78287672,32.83520509
82.93228535,101.820551,135.4266028,83.57579406,84.18617755,86.11811815,91.10244599,119.0790508,130.9622478,127.6561718,110.047219,62.80899051,139.8074697,30.4937026,11.76492146,135.0417301,96.28903745,41.57969504,0,91.91553864,42.22188652
64.12834146,32.87814528,111.7538271,77.85312595,12.92125636,69.79811873,43.56944124,77.80552763,57.90106425,82.81464914,40.02792698,38.4044584,121.2110527,63.60294077,82.64191078,108.6012667,71.74106777,58.78287672,91.91553864,0,90.35637346
52.11166001,85.61814711,96.69876207,47.23200043,78.64384282,53.01180519,69.55096998,87.1992498,110.1737184,95.7311844,91.90444993,52.24359607,99.82432406,35.99302106,33.88041219,96.96750207,63.2428169,32.83520509,42.22188652,90.35637346,0
1,0,100,5,9,1,450,0
2,0,100,8,3,1,450,0
3,0,100,7,18,1,450,0
4,0,100,16,16,1,450,0
5,0,100,17,19,1,450,0
6,0,100,2,24,1,450,0
7,0,100,14,24,1,450,0
8,0,100,23,11,1,450,0
9,0,100,23,13,1,450,0
10,0,100,16,2,1,450,0
11,0,100,2,9,1,450,0
12,0,100,18,7,1,450,0
13,0,100,24,18,1,450,0
14,0,100,14,5,1,450,0
15,0,100,16,17,1,450,0
16,0,100,21,3,1,450,0
17,0,100,5,5,1,450,0
18,0,100,25,16,1,450,0
19,0,100,21,3,1,450,0
20,0,100,12,16,1,450,0
