30,6,50,450
0,42.6199537,57.19213563,14.18248786,51.51537576,5.909255452,24.26859708,36.29061587,60.33062029,44.91479935,45.70925105,35.7932529,64.44845712,56.68004023,71.26905778,55.58948866,13.74968672,43.83260579,82.93228535,64.12834146,52.11166001,18.56328379,56.13085492,40.31355549,88.64857387,49.00270629,69.60641509,72.88027789,37.37127391,33.8814305,46.07147648
42.6199537,0,80.49550224,56.59206079,26.06743303,47.01015904,18.37760237,45.6635082,30.14160248,50.08575087,8.865165368,39.01427318,90.34004642,71.33014536,90.63576065,77.06021049,45.0390872,61.25339799,101.820551,32.87814528,85.61814711,52.44464941,71.79370658,81.15701969,88.18067875,60.37317869,70.42516951,56.88249355,58.28657812,60.26084278,16.60927367
57.19213563,80.49550224,0,52.06379118,101.1321842,52.09141213,68.80003583,35.31054905,74.60414544,34.30518231,76.7313952,92.28169884,10.30956997,112.5783196,124.3822898,4.265461874,44.09319323,99.95871024,135.4266028,111.7538271,96.69876207,72.65112113,14.19323797,73.97494177,145.8187663,105.8900253,126.7985234,127.6739059,22.51923,23.44321524,92.83078511
14.18248786,56.59206079,52.06379118,0,65.09474106,9.789008224,38.32415961,40.84928065,71.87809756,49.13746356,59.08362069,46.56285177,57.52021885,60.9290438,72.38933422,51.48392414,17.48171345,48.61663855,83.57579406,77.85312595,47.23200043,21.21506448,54.5550611,29.85965147,95.7096872,55.33018028,77.29956728,84.26662801,36.44797333,30.7683052,60.09792303
51.51537576,26.06743303,101.1321842,65.09474106,0,57.26017709,32.35333195,68.20945814,54.89087834,74.02494129,34.57135676,26.40151096,110.305374,54.5948943,74.10631904,98.19348686,59.84798597,48.06822495,84.18617755,12.92125636,78.64384282,52.13005395,94.42769239,81.94804037,63.78603648,43.96799877,47.49178776,30.82248585,78.63125624,78.8164762,9.514596628
5.909255452,47.01015904,52.09141213,9.789008224,57.26017709,0,28.88108696,34.23453023,62.3681488,42.81709753,49.30413098,41.54511467,59.00596771,60.92744029,74.57502127,50.7242716,10.37301523,48.15215021,86.11811815,69.79811873,53.01180519,21.54838706,51.97667356,38.5301754,93.77165931,53.81087998,74.84260271,78.75339781,33.22161637,29.04169646,51.54503143
24.26859708,18.37760237,68.80003583,38.32415961,32.35333195,28.88108696,0,36.87694375,41.01371713,43.75481689,22.64347791,30.46317556,77.95699307,61.2465968,79.47290258,65.92946134,28.48648109,49.5319535,91.10244599,43.56944124,69.55096998,35.26310787,62.68400359,63.08689943,85.08510174,50.91463432,66.08049913,60.00820172,46.32193055,46.53341514,24.53641916
36.29061587,45.6635082,35.31054905,40.84928065,68.20945814,34.23453023,36.87694375,0,41.48652149,8.629818596,41.43607723,65.08945279,45.4667534,91.74323657,107.3662909,31.62173773,23.95756926,78.96555838,119.0790508,77.80552763,87.1992498,54.84596562,26.29945205,70.42197648,120.3607978,82.87093334,101.1160013,96.87155443,14.80239609,20.15728863,59.29987825
60.33062029,30.14160248,74.60414544,71.87809756,54.89087834,62.3681488,41.01371713,41.48652149,0,40.3044599,21.34421591,68.37687808,84.89526123,100.5924222,119.5378736,70.46272161,55.5268472,89.71100727,130.9622478,57.90106425,110.1737184,75.44961776,62.17097269,100.583489,118.128787,89.76842953,100.5526872,85.31437035,56.26146917,61.36453859,45.95861534
44.91479935,50.08575087,34.30518231,49.13746356,74.02494129,42.81709753,43.75481689,8.629818596,40.3044599,0,44.59346142,72.84919854,44.60457147,100.1393719,115.9344805,30.18834345,32.4997296,87.39483161,127.6561718,82.81464914,95.7311844,63.47285231,22.57009945,78.48000546,128.118272,91.10663052,108.9096457,103.4214793,18.35524669,25.10696612,64.83147017
45.70925105,8.865165368,76.7313952,59.08362069,34.57135676,49.30413098,22.64347791,41.43607723,21.34421591,44.59346142,0,47.28561211,86.82600611,79.59344134,98.7434602,73.05259355,45.46513896,69.11331549,110.047219,40.02792698,91.90444993,57.87933145,66.9043793,85.47476795,97.04284857,68.69394529,79.27240719,65.37262095,55.1434047,58.0953538,25.24608265
35.7932529,39.01427318,92.28169884,46.56285177,26.40151096,41.54511467,30.46317556,65.08945279,68.37687808,72.84919854,47.28561211,0,100.0402962,32.32495273,51.64973468,90.24866528,48.19677209,22.8374596,62.80899051,38.4044584,52.24359607,28.72714542,89.17060631,57.21919707,55.28177513,21.40923327,36.06045463,37.71696548,71.0269559,68.84224648,28.233675
64.44845712,90.34004642,10.30956997,57.52021885,110.305374,59.00596771,77.95699307,45.4667534,84.89526123,44.60457147,86.82600611,100.0402962,0,118.4471738,129.0743708,14.44085884,51.99898557,106.053096,139.8074697,121.2110527,99.82432406,78.60644757,23.70289031,76.17459446,152.6418527,112.4176162,133.816488,136.1128912,32.08154967,31.66650988,102.2176321
56.68004023,71.33014536,112.5783196,60.9290438,54.5948943,60.92744029,61.2465968,91.74323657,100.5924222,100.1393719,79.59344134,32.32495273,118.4471738,0,19.61622199,111.5172833,70.42412471,12.85423175,30.4937026,63.60294077,35.99302106,39.93623359,112.773747,54.26741951,37.0956126,11.00534307,22.95183054,46.35497663,93.99603997,89.92478406,59.2650135
71.26905778,90.63576065,124.3822898,72.38933422,74.10631904,74.57502127,79.47290258,107.3662909,119.5378736,115.9344805,98.7434602,51.64973468,129.0743708,19.61622199,0,123.8706195,84.69182527,29.94504435,11.76492146,82.64191078,33.88041219,53.03663375,126.3562209,57.46063109,41.09807223,30.57509406,35.55749035,62.45787077,107.7034002,102.8192629,78.87651235
55.58948866,77.06021049,4.265461874,51.48392414,98.19348686,50.7242716,65.92946134,31.62173773,70.46272161,30.18834345,73.05259355,90.24866528,14.44085884,111.5172833,123.8706195,0,42.20180935,98.81185901,135.0417301,108.6012667,96.96750207,71.67155522,10.07435025,74.73676156,144.2176251,104.5048502,125.1170425,125.1823545,19.64780173,21.71604393,89.74899819
13.74968672,45.0390872,44.09319323,17.48171345,59.84798597,10.37301523,28.48648109,23.95756926,55.5268472,32.4997296,45.46513896,48.19677209,51.99898557,70.42412471,84.69182527,42.20180935,0,57.57941824,96.28903745,71.74106777,63.2428169,31.67918717,42.38463251,47.34002447,102.0721428,62.67776366,82.93513256,84.183892,23.63748728,20.65003293,52.83354802
43.83260579,61.25339799,99.95871024,48.61663855,48.06822495,48.15215021,49.5319535,78.96555838,89.71100727,87.39483161,69.11331549,22.8374596,106.053096,12.85423175,29.94504435,98.81185901,57.57941824,0,41.57969504,58.78287672,32.83520509,27.44714348,99.94076816,45.93141158,47.59646415,8.341917405,30.45300486,47.63017535,81.16551169,77.17869396,51.01475462
82.93228535,101.820551,135.4266028,83.57579406,84.18617755,86.11811815,91.10244599,119.0790508,130.9622478,127.6561718,110.047219,62.80899051,139.8074697,30.4937026,11.76492146,135.0417301,96.28903745,41.57969504,0,91.91553864,42.22188652,64.61171118,137.7710583,66.60310631,42.23464407,41.47996454,41.96126386,69.48689226,119.1716037,114.1533613,89.50686886
64.12834146,32.87814528,111.7538271,77.85312595,12.92125636,69.79811873,43.56944124,77.80552763,57.90106425,82.81464914,40.02792698,38.4044584,121.2110527,63.60294077,82.64191078,108.6012667,71.74106777,58.78287672,91.91553864,0,90.35637346,64.98248556,104.098168,94.71729714,65.9724715,53.60129396,52.2999594,29.39491453,89.25058577,90.02108434,19.04628859
52.11166001,85.61814711,96.69876207,47.23200043,78.64384282,53.01180519,69.55096998,87.1992498,110.1737184,95.7311844,91.90444993,52.24359607,99.82432406,35.99302106,33.88041219,96.96750207,63.2428169,32.83520509,42.22188652,90.35637346,0,34.81122408,101.3009977,24.55983194,71.35940382,40.3642103,58.94307194,80.17407604,83.60684496,77.57633202,79.47220149
18.56328379,52.44464941,72.65112113,21.21506448,52.13005395,21.54838706,35.26310787,54.84596562,75.44961776,63.47285231,57.87933145,28.72714542,78.60644757,39.93623359,53.03663375,71.67155522,31.67918717,27.44714348,64.61171118,64.98248556,34.81122408,0,73.46702254,29.99526578,74.53149311,34.15192254,56.28697562,65.8067785,54.742906,50.2013046,49.89317035
56.13085492,71.79370658,14.19323797,54.5550611,94.42769239,51.97667356,62.68400359,26.29945205,62.17097269,22.57009945,66.9043793,89.17060631,23.70289031,112.773747,126.3562209,10.07435025,42.38463251,99.94076816,137.7710583,104.098168,101.3009977,73.46702254,0,80.22820807,143.9865128,105.0068475,124.7537317,122.6151486,18.77919796,23.79744585,85.58474159
40.31355549,81.15701969,73.97494177,29.85965147,81.94804037,38.5301754,63.08689943,70.42197648,100.583489,78.48000546,85.47476795,57.21919707,76.17459446,54.26741951,57.46063109,74.73676156,47.34002447,45.93141158,66.60310631,94.71729714,24.55983194,29.99526578,80.22820807,0,91.31994771,54.26632108,76.00232842,91.97932965,63.83390518,57.1586502,79.8693948
88.64857387,88.18067875,145.8187663,95.7096872,63.78603648,93.77165931,85.08510174,120.3607978,118.128787,128.118272,97.04284857,55.28177513,152.6418527,37.0956126,41.09807223,144.2176251,102.0721428,47.59646415,42.23464407,65.9724715,71.35940382,74.53149311,143.9865128,91.31994771,0,40.38167884,19.26090561,37.25433027,125.5145315,122.524589,72.2256138
49.00270629,60.37317869,105.8900253,55.33018028,43.96799877,53.81087998,50.91463432,82.87093334,89.76842953,91.10663052,68.69394529,21.40923327,112.4176162,11.00534307,30.57509406,104.5048502,62.67776366,8.341917405,41.47996454,53.60129396,40.3642103,34.15192254,105.0068475,54.26632108,40.38167884,0,22.46245866,39.8104696,86.30666126,82.7928611,48.31375809
69.60641509,70.42516951,126.7985234,77.29956728,47.49178776,74.84260271,66.08049913,101.1160013,100.5526872,108.9096457,79.27240719,36.06045463,133.816488,22.95183054,35.55749035,125.1170425,82.93513256,30.45300486,41.96126386,52.2999594,58.94307194,56.28697562,124.7537317,76.00232842,19.26090561,22.46245866,0,27.53289736,106.3183699,103.4496881,55.10978752
72.88027789,56.88249355,127.6739059,84.26662801,30.82248585,78.75339781,60.00820172,96.87155443,85.31437035,103.4214793,65.37262095,37.71696548,136.1128912,46.35497663,62.45787077,125.1823545,84.183892,47.63017535,69.48689226,29.39491453,80.17407604,65.8067785,122.6151486,91.97932965,37.25433027,39.8104696,27.53289736,0,105.5646824,104.4941679,40.28535358
37.37127391,58.28657812,22.51923,36.44797333,78.63125624,33.22161637,46.32193055,14.80239609,56.26146917,18.35524669,55.1434047,71.0269559,32.08154967,93.99603997,107.7034002,19.64780173,23.63748728,81.16551169,119.1716037,89.25058577,83.60684496,54.742906,18.77919796,63.83390518,125.5145315,86.30666126,106.3183699,105.5646824,0,7.136611591,70.31385443
33.8814305,60.26084278,23.44321524,30.7683052,78.8164762,29.04169646,46.53341514,20.15728863,61.36453859,25.10696612,58.0953538,68.84224648,31.66650988,89.92478406,102.8192629,21.71604393,20.65003293,77.17869396,114.1533613,90.02108434,77.57633202,50.2013046,23.79744585,57.1586502,122.524589,82.7928611,103.4496881,104.4941679,7.136611591,0,70.97789814
46.07147648,16.60927367,92.83078511,60.09792303,9.514596628,51.54503143,24.53641916,59.29987825,45.95861534,64.83147017,25.24608265,28.233675,102.2176321,59.2650135,78.87651235,89.74899819,52.83354802,51.01475462,89.50686886,19.04628859,79.47220149,49.89317035,85.58474159,79.8693948,72.2256138,48.31375809,55.10978752,40.28535358,70.31385443,70.97789814,0
1,0,100,5,9,1,450,0
2,0,100,8,3,1,450,0
3,0,100,7,18,1,450,0
4,0,100,16,16,1,450,0
5,0,100,17,19,1,450,0
6,0,100,2,24,1,450,0
7,0,100,14,24,1,450,0
8,0,100,23,11,1,450,0
9,0,100,23,13,1,450,0
10,0,100,16,2,1,450,0
11,0,100,2,9,1,450,0
12,0,100,18,7,1,450,0
13,0,100,24,18,1,450,0
14,0,100,14,5,1,450,0
15,0,100,16,17,1,450,0
16,0,100,21,3,1,450,0
17,0,100,5,5,1,450,0
18,0,100,25,16,1,450,0
19,0,100,21,3,1,450,0
20,0,100,12,16,1,450,0
21,0,100,3,16,1,450,0
22,0,100,7,5,1,450,0
23,0,100,21,13,1,450,0
24,0,100,2,3,1,450,0
25,0,100,16,20,1,450,0
26,0,100,12,24,1,450,0
27,0,100,10,23,1,450,0
28,0,100,17,15,1,450,0
29,0,100,7,14,1,450,0
30,0,100,7,22,1,450,0
