20,4,50,450
0,47.7980855,64.71821073,61.48441716,94.35004689,86.25275045,76.70242059,39.11403811,40.50796772,40.51946379,49.03287674,73.82059066,62.22481448,70.76709894,41.20701403,20.21392948,72.76974449,69.97601879,92.56420218,29.76612244,66.26579212
47.7980855,0,29.85099142,109.270392,142.0099898,72.06588486,104.1117368,17.17470943,86.09638298,87.80653712,26.93590218,28.11738057,110.001741,23.44184417,87.89432233,28.10482585,110.1644019,116.1220376,55.11281786,27.47290407,22.51869326
64.71821073,29.85099142,0,122.6496053,156.6899205,45.50563587,131.6134344,46.43059199,95.4249899,104.5802321,17.0205361,43.48801772,124.333802,25.31647821,105.7169053,49.66427474,134.6072976,134.5114088,75.04694028,35.28852795,14.22762682
61.48441716,109.270392,122.6496053,0,34.18028078,129.5350812,80.57595121,99.41988687,29.54225301,24.28036977,105.7536983,134.9302455,4.366006986,132.0504218,26.71187738,81.54196466,58.48624461,25.67686688,150.1909059,87.83284008,126.6781344
94.35004689,142.0099898,156.6899205,34.18028078,0,162.8286258,90.98861923,130.8311761,63.24103169,54.36154238,139.8422113,166.631403,32.38822602,165.1138521,54.93804005,113.9735382,65.39127025,31.60382776,179.0712053,121.7071393,160.2553262
86.25275045,72.06588486,45.50563587,129.5350812,162.8286258,0,162.0706138,85.92402659,99.99464966,118.6781387,46.26759394,88.90446687,132.5133586,70.28878036,121.2477827,80.39685825,158.6768714,148.2030069,120.4781912,60.52533761,59.51266451
76.70242059,104.1117368,131.6134344,80.57595121,90.98861923,162.0706138,0,87.08732873,89.45553552,63.81660186,119.7689229,116.2280414,76.99779937,125.0883296,59.64151319,83.10378409,25.67109667,61.20879553,113.2202205,102.1200111,126.6256073
39.11403811,17.17470943,46.43059199,99.41988687,130.8311761,85.92402659,87.08732873,0,79.51123067,76.52901362,39.65779936,35.81687348,99.57480795,38.65627672,75.96967417,19.50027241,94.24632773,103.2594742,54.14416674,31.1513141,39.5926452
40.50796772,86.09638298,95.4249899,29.54225301,63.24103169,99.99464966,89.45553552,79.51123067,0,26.48269369,78.40486783,113.3742445,32.61261842,107.6762223,30.58583025,60.20764644,73.4634199,50.52968619,133.0516049,61.77774881,101.0377143
40.51946379,87.80653712,104.5802321,24.28036977,54.36154238,118.6781387,63.81660186,76.52901362,26.48269369,0,88.21829813,112.3022717,23.4391826,111.0504072,4.189925178,59.71503158,47.00673255,30.20485976,126.2035638,69.29237682,106.7829752
49.03287674,26.93590218,17.0205361,105.7536983,139.8422113,46.26759394,119.7689229,39.65779936,78.40486783,88.21829813,0,50.21128009,107.5200601,35.5689256,89.56304332,36.66782898,120.5436874,118.3013433,80.4135811,19.26838499,25.60441626
73.82059066,28.11738057,43.48801772,134.9302455,166.631403,88.90446687,116.2280414,35.81687348,113.3742445,112.3022717,50.21128009,0,135.2358683,18.99306537,111.7862017,53.60717461,127.3524866,138.9471635,31.57403379,55.48764709,29.39338463
62.22481448,110.001741,124.333802,4.366006986,32.38822602,132.5133586,76.99779937,99.57480795,32.61261842,23.4391826,107.5200601,135.2358683,0,132.9640831,25.26059896,82.09315861,54.49813868,21.31110926,149.6417466,89.31973368,127.9124602
70.76709894,23.44184417,25.31647821,132.0504218,165.1138521,70.28878036,125.0883296,38.65627672,107.6762223,111.0504072,35.5689256,18.99306537,132.9640831,0,111.2461266,51.45319047,132.866185,139.5465389,50.36998847,46.36371443,11.13676434
41.20701403,87.89432233,105.7169053,26.71187738,54.93804005,121.2477827,59.64151319,75.96967417,30.58583025,4.189925178,89.56304332,111.7862017,25.26059896,111.2461266,0,59.79976704,42.9889858,28.79875529,124.7073488,70.47819671,107.3750641
20.21392948,28.10482585,49.66427474,81.54196466,113.9735382,80.39685825,83.10378409,19.50027241,60.20764644,59.71503158,36.66782898,53.60717461,82.09315861,51.45319047,59.79976704,0,84.96018989,88.13217188,73.60918122,19.94965488,48.32491128
72.76974449,110.1644019,134.6072976,58.48624461,65.39127025,158.6768714,25.67109667,94.24632773,73.4634199,47.00673255,120.5436874,127.3524866,54.49813868,132.866185,42.9889858,84.96018989,0,36.46195488,129.9309733,101.5877837,132.2691588
69.97601879,116.1220376,134.5114088,25.67686688,31.60382776,148.2030069,61.20879553,103.2594742,50.52968619,30.20485976,118.3013433,138.9471635,21.31110926,139.5465389,28.79875529,88.13217188,36.46195488,0,149.0320696,99.25968532,136.0280354
92.56420218,55.11281786,75.04694028,150.1909059,179.0712053,120.4781912,113.2202205,54.14416674,133.0516049,126.2035638,80.4135811,31.57403379,149.6417466,50.36998847,124.7073488,73.60918122,129.9309733,149.0320696,0,81.77643138,60.96600176
29.76612244,27.47290407,35.28852795,87.83284008,121.7071393,60.52533761,102.1200111,31.1513141,61.77774881,69.29237682,19.26838499,55.48764709,89.31973368,46.36371443,70.47819671,19.94965488,101.5877837,99.25968532,81.77643138,0,39.26228725
66.26579212,22.51869326,14.22762682,126.6781344,160.2553262,59.51266451,126.6256073,39.5926452,101.0377143,106.7829752,25.60441626,29.39338463,127.9124602,11.13676434,107.3750641,48.32491128,132.2691588,136.0280354,60.96600176,39.26228725,0
1,0,100,24,23,1,450,0
2,0,100,17,1,1,450,0
3,0,100,5,21,1,450,0
4,0,100,5,21,1,450,0
5,0,100,25,22,1,450,0
6,0,100,1,16,1,450,0
7,0,100,17,19,1,450,0
8,0,100,10,7,1,450,0
9,0,100,3,16,1,450,0
10,0,100,12,13,1,450,0
11,0,100,23,22,1,450,0
12,0,100,15,11,1,450,0
13,0,100,17,10,1,450,0
14,0,100,5,25,1,450,0
15,0,100,15,15,1,450,0
16,0,100,8,6,1,450,0
17,0,100,6,2,1,450,0
18,0,100,3,15,1,450,0
19,0,100,7,2,1,450,0
20,0,100,25,23,1,450,0
