20,4,50,450
0,69.67691242,73.3158628,39.74660731,54.93333593,57.06396107,7.40856916,26.6254036,44.54910426,33.49372517,53.49499066,52.73114042,81.39484055,2.966438943,18.99045847,71.51846898,37.71761405,76.83716791,82.14611621,55.2719073,33.48925985
69.67691242,0,36.92976037,36.15239425,123.804724,113.6793927,75.15352006,74.79997112,114.2260035,41.47532863,17.33793843,20.02739137,148.9280165,66.84392206,53.8767602,119.9573717,98.92700843,127.6007649,82.3123297,108.7315825,46.33133972
73.3158628,36.92976037,0,58.03212504,126.9232245,127.8104489,75.6765563,64.59710849,114.129053,60.096581,32.68430847,47.15737813,154.074695,71.31335798,54.32740171,138.5516711,109.7636962,145.3226507,47.83352265,92.38055961,40.06578082
39.74660731,36.15239425,58.03212504,0,90.32943813,77.53518072,46.69281542,55.72646705,82.72965367,6.382291516,26.24665908,16.1841697,114.2069945,36.79402757,31.56679268,84.27485975,63.33659404,91.77141492,89.53821089,90.17765201,35.41205357
54.93333593,123.804724,126.9232245,90.32943813,0,38.02227917,51.33167974,66.08349919,15.39060811,84.05144926,108.2093399,105.4603416,27.4497133,57.52110406,73.37847827,56.02878425,32.3306604,55.12024642,123.818531,65.24300579,86.93267488
57.06396107,113.6793927,127.8104489,77.53518072,38.02227917,0,58.4453047,79.80530308,46.5658935,72.37967038,101.4302013,93.70976315,46.08820149,58.16211967,74.84469153,18.879734,19.70868958,21.0240811,138.4358145,93.26396545,89.52440141
7.40856916,75.15352006,75.6765563,46.69281542,51.33167974,58.4453047,0,22.03781645,39.58554192,40.5302539,58.51551286,59.00284455,78.3982595,10.13350843,22.26624288,74.14583512,38.749603,78.87117217,79.99052575,48.15870067,35.62879849
26.6254036,74.79997112,64.59710849,55.72646705,66.08349919,79.80530308,22.03781645,0,51.68379573,50.75650702,57.48419683,63.28752532,93.47877173,27.6562208,24.19744801,96.03570721,60.12915124,100.5000841,59.21343918,34.87351207,28.70068905
44.54910426,114.2260035,114.129053,82.72965367,15.39060811,46.5658935,39.58554192,51.68379573,0,76.34868905,97.91521101,96.90928063,42.08532991,47.39627844,61.83186037,65.41514064,34.14866117,66.05338693,108.6859191,50.33660685,74.51928559
33.49372517,41.47532863,60.096581,6.382291516,84.05144926,72.37967038,40.5302539,50.75650702,76.34868905,0,29.70337846,21.83619491,108.1423017,30.55393294,26.87522958,80.07819035,57.54056785,87.39405292,88.32196038,84.85631562,33.0221971
53.49499066,17.33793843,32.68430847,26.24665908,108.2093399,101.4302013,58.51551286,57.48419683,97.91521101,29.70337846,0,14.75475855,133.9893916,50.77188043,36.8151218,109.7761729,85.26645315,117.0521271,71.4920397,91.57733019,29.14909846
52.73114042,20.02739137,47.15737813,16.1841697,105.4603416,93.70976315,59.00284455,63.28752532,96.90928063,21.83619491,14.75475855,0,129.9141732,49.78669728,39.85948506,100.0140339,79.36101635,107.6189253,85.49664319,98.140246,37.45256687
81.39484055,148.9280165,154.074695,114.2069945,27.4497133,46.08820149,78.3982595,93.47877173,42.08532991,108.1423017,133.9893916,129.9141732,0,83.80480724,100.1652367,58.3581861,51.60981095,53.72055622,150.7236211,89.11320953,114.0218416
2.966438943,66.84392206,71.31335798,36.79402757,57.52110406,58.16211967,10.13350843,27.6562208,47.39627844,30.55393294,50.77188043,49.78669728,83.80480724,0,17.06230656,72.06450586,39.06380998,77.61647782,81.78309288,57.4910949,31.73780025
18.99045847,53.8767602,54.32740171,31.56679268,73.37847827,74.84469153,22.26624288,24.19744801,61.83186037,26.87522958,36.8151218,39.85948506,100.1652367,17.06230656,0,87.81581854,56.0130055,93.78322897,67.70363247,58.89614488,14.71947886
71.51846898,119.9573717,138.5516711,84.27485975,56.02878425,18.879734,74.14583512,96.03570721,65.41514064,80.07819035,109.7761729,100.0140339,58.3581861,72.06450586,87.81581854,0,36.60789676,8.10196038,153.6534321,111.7689952,102.1431354
37.71761405,98.92700843,109.7636962,63.33659404,32.3306604,19.70868958,38.749603,60.12915124,34.14866117,57.54056785,85.26645315,79.36101635,51.60981095,39.06380998,56.0130055,36.60789676,0,40.41785953,118.7367856,75.7455618,70.73196989
76.83716791,127.6007649,145.3226507,91.77141492,55.12024642,21.0240811,78.87117217,100.5000841,66.05338693,87.39405292,117.0521271,107.6189253,53.72055622,77.61647782,93.78322897,8.10196038,40.41785953,0,158.7576615,114.0227201,108.2748428
82.14611621,82.3123297,47.83352265,89.53821089,123.818531,138.4358145,79.99052575,59.21343918,108.6859191,88.32196038,71.4920397,85.49664319,150.7236211,81.78309288,67.70363247,153.6534321,118.7367856,158.7576615,0,68.23511589,55.80807974
55.2719073,108.7315825,92.38055961,90.17765201,65.24300579,93.26396545,48.15870067,34.87351207,50.33660685,84.85631562,91.57733019,98.140246,89.11320953,57.4910949,58.89614488,111.7689952,75.7455618,114.0227201,68.23511589,0,62.43056921
33.48925985,46.33133972,40.06578082,35.41205357,86.93267488,89.52440141,35.62879849,28.70068905,74.51928559,33.0221971,29.14909846,37.45256687,114.0218416,31.73780025,14.71947886,102.1431354,70.73196989,108.2748428,55.80807974,62.43056921,0
1,0,100,25,8,1,450,0
2,0,100,17,20,1,450,0
3,0,100,7,3,1,450,0
4,0,100,22,15,1,450,0
5,0,100,25,14,1,450,0
6,0,100,23,17,1,450,0
7,0,100,23,12,1,450,0
8,0,100,8,9,1,450,0
9,0,100,21,13,1,450,0
10,0,100,15,10,1,450,0
11,0,100,18,14,1,450,0
12,0,100,15,23,1,450,0
13,0,100,4,3,1,450,0
14,0,100,22,3,1,450,0
15,0,100,2,24,1,450,0
16,0,100,21,7,1,450,0
17,0,100,4,5,1,450,0
18,0,100,11,19,1,450,0
19,0,100,24,18,1,450,0
20,0,100,5,14,1,450,0
