30,6,50,450
0,69.67691242,73.3158628,39.74660731,54.93333593,57.06396107,7.40856916,26.6254036,44.54910426,33.49372517,53.49499066,52.73114042,81.39484055,2.966438943,18.99045847,71.51846898,37.71761405,76.83716791,82.14611621,55.2719073,33.48925985,19.57036855,70.32346494,36.20755558,68.64376051,38.74415533,11.91337941,29.92166606,21.49420247,40.37459405,29.26608088
69.67691242,0,36.92976037,36.15239425,123.804724,113.6793927,75.15352006,74.79997112,114.2260035,41.47532863,17.33793843,20.02739137,148.9280165,66.84392206,53.8767602,119.9573717,98.92700843,127.6007649,82.3123297,108.7315825,46.33133972,51.36124074,38.84970232,33.66309686,126.6611595,55.00794438,79.49996654,89.6680696,89.3355635,72.94972105,41.53080646
73.3158628,36.92976037,0,58.03212504,126.9232245,127.8104489,75.6765563,64.59710849,114.129053,60.096581,32.68430847,47.15737813,154.074695,71.31335798,54.32740171,138.5516711,109.7636962,145.3226507,47.83352265,92.38055961,40.06578082,61.76364187,4.262761194,43.60534019,140.2914902,40.1681258,85.14512405,100.913833,94.79307469,93.92133102,46.27789701
39.74660731,36.15239425,58.03212504,0,90.32943813,77.53518072,46.69281542,55.72646705,82.72965367,6.382291516,26.24665908,16.1841697,114.2069945,36.79402757,31.56679268,84.27485975,63.33659404,91.77141492,89.53821089,90.17765201,35.41205357,20.30220096,57.21564559,17.6393611,90.51735789,47.31708132,46.95145631,54.15715126,56.15408374,37.52696151,22.72803443
54.93333593,123.804724,126.9232245,90.32943813,0,38.02227917,51.33167974,66.08349919,15.39060811,84.05144926,108.2093399,105.4603416,27.4497133,57.52110406,73.37847827,56.02878425,32.3306604,55.12024642,123.818531,65.24300579,86.93267488,72.45252794,123.5493659,90.87094925,38.68449148,88.52507758,44.31667881,39.12265553,34.48290661,67.491854,84.19678456
57.06396107,113.6793927,127.8104489,77.53518072,38.02227917,0,58.4453047,79.80530308,46.5658935,72.37967038,101.4302013,93.70976315,46.08820149,58.16211967,74.84469153,18.879734,19.70868958,21.0240811,138.4358145,93.26396545,89.52440141,66.26277442,125.3675783,85.42465598,12.9821774,95.80560477,45.70358279,27.28915523,38.79785665,43.28557831,81.54361477
7.40856916,75.15352006,75.6765563,46.69281542,51.33167974,58.4453047,0,22.03781645,39.58554192,40.5302539,58.51551286,59.00284455,78.3982595,10.13350843,22.26624288,74.14583512,38.749603,78.87117217,79.99052575,48.15870067,35.62879849,26.39659448,72.40425026,41.49252,69.26521901,38.64377322,13.06457539,32.17194146,20.39861566,46.71813939,33.92008881
26.6254036,74.79997112,64.59710849,55.72646705,66.08349919,79.80530308,22.03781645,0,51.68379573,50.75650702,57.48419683,63.28752532,93.47877173,27.6562208,24.19744801,96.03570721,60.12915124,100.5000841,59.21343918,34.87351207,28.70068905,37.61596185,60.70076581,43.56320294,89.94519719,24.42988794,35.06546392,54.11380357,41.05581529,66.67991297,35.34840903
44.54910426,114.2260035,114.129053,82.72965367,15.39060811,46.5658935,39.58554192,51.68379573,0,76.34868905,97.91521101,96.90928063,42.08532991,47.39627844,61.83186037,65.41514064,34.14866117,66.05338693,108.6859191,50.33660685,74.51928559,63.48564024,110.5788511,80.70373315,50.59994242,74.914701,35.79130443,37.65445804,27.28064343,66.0453437,73.41295275
33.49372517,41.47532863,60.096581,6.382291516,84.05144926,72.37967038,40.5302539,50.75650702,76.34868905,0,29.70337846,21.83619491,108.1423017,30.55393294,26.87522958,80.07819035,57.54056785,87.39405292,88.32196038,84.85631562,33.0221971,14.23640028,58.84857029,17.26385313,85.34785235,44.73611572,40.57372185,48.3098295,49.81531694,34.0035356,20.01021059
53.49499066,17.33793843,32.68430847,26.24665908,108.2093399,101.4302013,58.51551286,57.48419683,97.91521101,29.70337846,0,14.75475855,133.9893916,50.77188043,36.8151218,109.7761729,85.26645315,117.0521271,71.4920397,91.57733019,29.14909846,36.37832741,32.65397429,17.3384093,114.3257789,38.56355702,63.97505171,76.01710009,73.92848394,63.51123394,24.62011738
52.73114042,20.02739137,47.15737813,16.1841697,105.4603416,93.70976315,59.00284455,63.28752532,96.90928063,21.83619491,14.75475855,0,129.9141732,49.78669728,39.85948506,100.0140339,79.36101635,107.6189253,85.49664319,98.140246,37.45256687,33.42405907,47.35269024,19.74816227,106.691712,48.62846847,61.44497682,70.14010985,71.03245997,53.03927942,27.94727894
81.39484055,148.9280165,154.074695,114.2069945,27.4497133,46.08820149,78.3982595,93.47877173,42.08532991,108.1423017,133.9893916,129.9141732,0,83.80480724,100.1652367,58.3581861,51.60981095,53.72055622,150.7236211,89.11320953,114.0218416,97.74310562,150.7732757,116.714114,38.35108141,115.9471523,70.14287796,60.37909844,60.17147264,86.03829241,110.4906414
2.966438943,66.84392206,71.31335798,36.79402757,57.52110406,58.16211967,10.13350843,27.6562208,47.39627844,30.55393294,50.77188043,49.78669728,83.80480724,0,17.06230656,72.06450586,39.06380998,77.61647782,81.78309288,57.4910949,31.73780025,16.60418324,68.41809726,33.45505093,69.98241511,37.77300417,13.86537273,30.89199281,23.7148373,39.03129674,26.71206967
18.99045847,53.8767602,54.32740171,31.56679268,73.37847827,74.84469153,22.26624288,24.19744801,61.83186037,26.87522958,36.8151218,39.85948506,100.1652367,17.06230656,0,87.81581854,56.0130055,93.78322897,67.70363247,58.89614488,14.71947886,15.27895821,51.37200035,20.61349509,86.87788994,22.48502491,30.8314432,47.57124502,40.47925989,49.42513409,12.39362534
71.51846898,119.9573717,138.5516711,84.27485975,56.02878425,18.879734,74.14583512,96.03570721,65.41514064,80.07819035,109.7761729,100.0140339,58.3581861,72.06450586,87.81581854,0,36.60789676,8.10196038,153.6534321,111.7689952,102.1431354,76.96608704,136.5318168,95.13089148,20.05398699,109.7343411,61.09218127,41.97724794,55.71779659,47.01432388,92.61529878
37.71761405,98.92700843,109.7636962,63.33659404,32.3306604,19.70868958,38.749603,60.12915124,34.14866117,57.54056785,85.26645315,79.36101635,51.60981095,39.06380998,56.0130055,36.60789676,0,40.41785953,118.7367856,75.7455618,70.73196989,49.12548871,107.0978208,68.54414062,30.93289746,76.41969952,26.12091578,9.271934534,19.23555505,35.42078098,63.7696727
76.83716791,127.6007649,145.3226507,91.77141492,55.12024642,21.0240811,78.87117217,100.5000841,66.05338693,87.39405292,117.0521271,107.6189253,53.72055622,77.61647782,93.78322897,8.10196038,40.41785953,0,158.7576615,114.0227201,108.2748428,83.59314087,143.1829125,102.0768042,16.76535392,115.3875479,65.92517967,46.95371053,59.64025242,54.72858708,99.20119316
82.14611621,82.3123297,47.83352265,89.53821089,123.818531,138.4358145,79.99052575,59.21343918,108.6859191,88.32196038,71.4920397,85.49664319,150.7236211,81.78309288,67.70363247,153.6534321,118.7367856,158.7576615,0,68.23511589,55.80807974,81.96769731,44.5659481,71.90119311,149.0155063,45.28089183,92.84072436,111.8338002,99.9914125,116.9798256,68.57666102
55.2719073,108.7315825,92.38055961,90.17765201,65.24300579,93.26396545,48.15870067,34.87351207,50.33660685,84.85631562,91.57733019,98.140246,89.11320953,57.4910949,58.89614488,111.7689952,75.7455618,114.0227201,68.23511589,0,62.43056921,71.05180483,88.15571352,78.40011216,99.83805264,54.71889938,57.86614433,73.54116097,58.13038707,94.42036061,70.21467827
33.48925985,46.33133972,40.06578082,35.41205357,86.93267488,89.52440141,35.62879849,28.70068905,74.51928559,33.0221971,29.14909846,37.45256687,114.0218416,31.73780025,14.71947886,102.1431354,70.73196989,108.2748428,55.80807974,62.43056921,0,26.55641486,36.90167132,18.65609568,101.5948528,11.91202993,45.39563265,62.26704606,54.86691193,61.68240308,13.01241273
19.57036855,51.36124074,61.76364187,20.30220096,72.45252794,66.26277442,26.39659448,37.61596185,63.48564024,14.23640028,36.37832741,33.42405907,97.74310562,16.60418324,15.27895821,76.96608704,49.12548871,83.59314087,81.96769731,71.05180483,26.55641486,0,59.59459714,19.42017116,78.94265354,36.78156904,28.18301407,39.9499082,37.97589347,35.1387199,15.65315064
70.32346494,38.84970232,4.262761194,57.21564559,123.5493659,125.3675783,72.40425026,60.70076581,110.5788511,58.84857029,32.65397429,47.35269024,150.7732757,68.41809726,51.37200035,136.5318168,107.0978208,143.1829125,44.5659481,88.15571352,36.90167132,59.59459714,0,42.00329511,137.7512493,36.2797418,82.19927402,98.34208011,91.7546645,92.4347605,43.98774139
36.20755558,33.66309686,43.60534019,17.6393611,90.87094925,85.42465598,41.49252,43.56320294,80.70373315,17.26385313,17.3384093,19.74816227,116.714114,33.45505093,20.61349509,95.13089148,68.54414062,102.0768042,71.90119311,78.40011216,18.65609568,19.42017116,42.00329511,0,98.19441184,30.45658788,46.6502314,59.35692446,56.6110277,50.43207856,8.314735895
68.64376051,126.6611595,140.2914902,90.51735789,38.68449148,12.9821774,69.26521901,89.94519719,50.59994242,85.34785235,114.3257789,106.691712,38.35108141,69.98241511,86.87788994,20.05398699,30.93289746,16.76535392,149.0155063,99.83805264,101.5948528,78.94265354,137.7512493,98.19441184,0,107.3105402,56.95995823,39.41254543,49.03375842,55.91719771,94.0808402
38.74415533,55.00794438,40.1681258,47.31708132,88.52507758,95.80560477,38.64377322,24.42988794,74.914701,44.73611572,38.56355702,48.62846847,115.9471523,37.77300417,22.48502491,109.7343411,76.41969952,115.3875479,45.28089183,54.71889938,11.91202993,36.78156904,36.2797418,30.45658788,107.3105402,0,50.35518489,68.60740916,58.95848424,71.70506111,24.77516712
11.91337941,79.49996654,85.14512405,46.95145631,44.31667881,45.70358279,13.06457539,35.06546392,35.79130443,40.57372185,63.97505171,61.44497682,70.14287796,13.86537273,30.8314432,61.09218127,26.12091578,65.92517967,92.84072436,57.86614433,45.39563265,28.18301407,82.19927402,46.6502314,56.95995823,50.35518489,0,19.1149436,9.973575738,36.90989117,40.38085706
29.92166606,89.6680696,100.913833,54.15715126,39.12265553,27.28915523,32.17194146,54.11380357,37.65445804,48.3098295,76.01710009,70.14010985,60.37909844,30.89199281,47.57124502,41.97724794,9.271934534,46.95371053,111.8338002,73.54116097,62.26704606,39.9499082,98.34208011,59.35692446,39.41254543,68.60740916,19.1149436,0,15.41324625,28.71141594,54.7798588
21.49420247,89.3355635,94.79307469,56.15408374,34.48290661,38.79785665,20.39861566,41.05581529,27.28064343,49.81531694,73.92848394,71.03245997,60.17147264,23.7148373,40.47925989,55.71779659,19.23555505,59.64025242,99.9914125,58.13038707,54.86691193,37.97589347,91.7546645,56.6110277,49.03375842,58.95848424,9.973575738,15.41324625,0,40.43457794,50.33476065
40.37459405,72.94972105,93.92133102,37.52696151,67.491854,43.28557831,46.71813939,66.67991297,66.0453437,34.0035356,63.51123394,53.03927942,86.03829241,39.03129674,49.42513409,47.01432388,35.42078098,54.72858708,116.9798256,94.42036061,61.68240308,35.1387199,92.4347605,50.43207856,55.91719771,71.70506111,36.90989117,28.71141594,40.43457794,0,49.96721726
29.26608088,41.53080646,46.27789701,22.72803443,84.19678456,81.54361477,33.92008881,35.34840903,73.41295275,20.01021059,24.62011738,27.94727894,110.4906414,26.71206967,12.39362534,92.61529878,63.7696727,99.20119316,68.57666102,70.21467827,13.01241273,15.65315064,43.98774139,8.314735895,94.0808402,24.77516712,40.38085706,54.7798588,50.33476065,49.96721726,0
1,0,100,25,8,1,450,0
2,0,100,17,20,1,450,0
3,0,100,7,3,1,450,0
4,0,100,22,15,1,450,0
5,0,100,25,14,1,450,0
6,0,100,23,17,1,450,0
7,0,100,23,12,1,450,0
8,0,100,8,9,1,450,0
9,0,100,21,13,1,450,0
10,0,100,15,10,1,450,0
11,0,100,18,14,1,450,0
12,0,100,15,23,1,450,0
13,0,100,4,3,1,450,0
14,0,100,22,3,1,450,0
15,0,100,2,24,1,450,0
16,0,100,21,7,1,450,0
17,0,100,4,5,1,450,0
18,0,100,11,19,1,450,0
19,0,100,24,18,1,450,0
20,0,100,5,14,1,450,0
21,0,100,7,25,1,450,0
22,0,100,13,20,1,450,0
23,0,100,17,2,1,450,0
24,0,100,8,16,1,450,0
25,0,100,6,12,1,450,0
26,0,100,9,3,1,450,0
27,0,100,5,14,1,450,0
28,0,100,13,5,1,450,0
29,0,100,6,25,1,450,0
30,0,100,22,24,1,450,0
